46033
55396
41541
43809
40850
41092
49461
43678
57711
50190
39417
53413
50085
38605
39296
50805
36505
51768
30861
49288
41192
40447
41632
32253
45124
45152
41566
38808
42468
35015
34082
46030
40839
32759
30503
44929
45767
32409
41934
42136
35596
40128
34702
34628
43649
41455
27515
56686
60085
35481
38591
40331
37121
43839
39732
46190
40918
41322
45481
47954
53122
52154
37091
44366
45039
46741
45383
37136
46265
52887
43245
40795
40683
47235
31125
47450
35387
41380
41204
32758
51742
34082
42741
34493
30989
36806
34444
52425
39097
33488
35022
36664
29402
38273
43010
26200
49445
43217
51400
49625
46310
31469
47789
51088
51780
53788
46832
46459
52093
46616
35459
39182
44533
43498
41375
36587
39018
42445
43116
40051
43096
48580
39113
39268
51740
48954
41068
38527
32614
33627
38212
33245
15330
31101
24979
26974
34116
39571
33328
33177
29261
37244
32968
35468
53475
37570
31026
30475
37937
46012
38120
40524
42723
31375
52194
39826
37942
32297
45644
45596
36280
46904
35842
52917
44346
50787
42570
39912
35207
40415
34793
39850
42714
41108
43415
44115
60163
51921
36212
52482
50047
61599
50000
33319
57471
54239
60184
33881
53463
61908
47027
59206
36626
51479
42570
43719
43693
31948
35527
29570
45856
37900
41718
37493
48924
38883
36264
34657
38418
49510
38938
36973
53253
39261
46126
34930
35843
52435
42546
51628
46260
51251
46735
37640
45798
44246
44241
50338
43636
32380
36495
43510
35034
46893
37167
40079
44415
41967
51096
48137
36858
28739
27141
31310
28102
23487
33022
28638
30805
19339
27215
32869
30650
25557
33482
31688
32180
46271
39882
41247
34992
40382
35913
27634
52739
36493
44118
36883
36966
33791
51157
39647
24116
27767
24650
20269
20560
22144
29535
22885
26043
28346
24035
21114
30156
28128
32432
18810
70861
58843
62530
63264
58413
64921
71247
56007
59757
51979
63458
55811
71513
59742
65309
62065
39933
42057
40514
47518
38160
24520
32725
36828
38111
38599
49001
40602
36572
38675
37653
36271
46797
46248
39730
48462
62851
34169
46089
60918
61087
52412
48463
33846
43819
58944
59923
55620
44242
45112
36977
45098
33795
40004
25866
50286
44918
49834
39970
41751
36703
29940
35728
34895
45435
49632
53894
41707
47470
44674
56752
55031
49472
50320
55242
42595
42045
45619
55986
56642
39546
26115
40288
32290
28798
33582
29308
43251
45133
31625
25682
42958
33537
35104
32064
37015
54384
58909
60373
50726
31205
53447
37781
41654
58376
43426
58991
36214
57118
51402
53422
55872
56628
61521
66465
63714
58381
53177
81783
76514
59145
54924
55837
65909
61925
57630
58797
67352
31357
43820
46364
51295
36523
48050
47142
44970
48581
44693
46076
45219
44326
48442
56903
49600
34921
37281
37697
44652
46765
46670
53307
36009
46642
32002
45691
38158
46915
50491
37859
38761
50197
50030
36372
38091
49449
39585
43329
41531
46583
47898
47103
52075
37371
51817
61181
46655
46404
48223
56508
49153
47739
39462
54260
37743
45377
48460
51200
51956
49909
46978
57057
44090
49702
56946
49182
41362
38765
52913
57494
48322
45950
54388
45803
37437
41186
41586
42065
55493
41523
44530
51910
41674
57244
40948
41148
62041
46218
47459
27240
39802
47788
47484
38654
49381
31353
32664
34228
34827
39859
36673
42619
36473
22667
39915
32753
32733
29271
26465
37244
26821
33850
34556
38896
20727
35155
36121
47506
32287
42594
41739
41477
38292
34337
42099
44530
41226
39452
42246
58816
54505
34208
47253
51533
32800
44634
41308
38656
60203
64043
48930
61765
46134
40665
46896
34135
55573
29869
35725
41897
56535
42930
46722
52448
43391
40776
42683
45123
46050
26017
42070
35742
38851
41076
29700
44288
28250
42121
35215
46722
37896
52321
27821
41962
34803
41850
36325
42706
26070
33649
35924
37648
41525
49480
44893
44079
35469
31351
40070
29281
33169
35339
23086
36708
45319
29611
32163
25663
32541
27508
28209
35394
31277
36708
29270
35932
44501
49859
40474
52949
55887
56607
59045
51578
41269
54540
38871
49619
56066
42572
41916
41223
55876
31374
24252
30373
18913
21916
26079
24247
21109
25910
31067
24687
21526
23382
28235
34802
27137
50216
38109
44506
34240
26146
35756
32878
31209
34028
36591
35617
31526
34570
45233
48100
37958
42701
36917
37935
41465
41682
42336
36001
44792
36859
32922
40875
50997
48101
33566
43374
38993
32928
41231
35643
37353
38852
35595
30042
49400
53464
43668
34825
48906
46796
43121
53435
53109
35309
47600
38621
38317
20463
37266
30011
31988
27590
41708
43353
49127
24327
38084
31796
44263
22080
31630
28478
31268
36155
28385
28506
25995
30224
29077
22396
33901
33032
30856
28840
31473
51912
54261
35072
44029
56744
44513
42734
54381
63790
47029
50397
67903
56268
50729
54836
55232
50090
44100
34778
35133
39558
30317
49274
33221
40070
43934
49373
53366
50998
40125
44210
42814
40086
33523
39307
48742
34029
29604
34394
27665
33702
31574
36690
33700
22625
23742
37232
26918
41463
50760
45540
46659
45851
36398
55109
45360
37833
47208
42716
43262
47250
40128
41360
30290
43222
55972
51956
52781
40741
51355
43070
49561
53025
44963
46944
43591
59461
60155
63014
41269
34078
39149
30822
37022
41669
39195
34307
35133
37862
42445
27462
37584
36889
35373
44488
50563
40926
38098
30367
24791
27954
32852
39255
31080
33085
39426
32809
34885
33425
39725
35948
27377
46901
34350
38984
43473
34344
27927
35667
34173
38832
42257
33729
44291
42208
51057
41162
28982
31067
24767
39343
39075
40580
33890
29515
31151
42319
32949
34544
39384
46896
49420
38244
47766
45601
47766
26417
49404
42720
47867
50202
53798
64201
60905
46859
32154
55688
43442
56100
54059
30756
36678
39692
44991
28676
43591
34253
25824
35991
26114
33279
28192
43998
41624
32248
39566
39153
33338
32859
27516
44018
34181
36129
38546
34979
47316
26770
42161
39294
36970
36243
45697
40816
35877
26627
36737
50558
31463
24455
33767
38133
43965
43271
32167
43515
40649
47861
40216
35760
36229
43230
32780
35844
44887
44561
34970
33834
31390
48743
37757
32947
44336
35806
38819
35298
33655
39575
33505
26677
29932
28283
35046
37691
37490
29323
45053
30258
38436
22698
35095
43595
46808
64269
52265
52691
55189
36210
50982
39714
46946
49237
26676
54854
38119
48025
38714
35172
28845
34499
34741
28838
37252
27911
31433
29509
35157
27277
38323
22875
34311
50061
36710
36972
38694
57068
53924
51285
55609
45920
64734
51672
45599
44510
55833
49515
44700
54702
43739
28427
38289
30818
43290
41007
49297
24260
42177
38606
33519
32406
38274
47486
34155
43706
47589
41683
42103
39888
40420
38731
41747
26589
42674
42213
37740
40905
37932
33149
40106
34328
42878
26325
22326
24874
28338
18192
19275
26486
33451
16555
19560
27032
16975
26571
19772
22802
25156
51752
42254
45866
40167
38450
43062
39568
49790
41957
54536
37430
50549
40887
31875
45259
41553
34255
31687
35104
37542
24695
34378
35124
38703
28624
35860
37394
32361
36322
29251
38380
30144
38474
18865
35436
32805
32636
49553
37647
28856
45661
39362
33782
50262
49900
41488
34545
41853
36870
36490
35201
43366
28801
36389
40987
50818
46012
37988
38309
42202
25325
38873
37918
45649
37773
40556
50586
45691
35986
35642
33304
32812
36233
42272
31529
43930
42883
39703
30460
47593
39960
41118
49365
44414
29584
47666
39445
53676
46590
37859
35699
36099
48648
44540
41465
24862
43163
38940
33277
42799
42383
34070
49581
40179
37701
40828
46537
56263
30695
41366
49637
37040
55018
44787
53187
57326
46999
52390
59265
66011
65713
50945
50945
50553
48532
51074
41997
59955
30484
26675
20813
40225
32174
28552
20705
24325
33453
31527
28391
27704
27943
28128
35524
23082
32736
32574
44882
44642
38461
41304
45209
40247
36004
29858
35296
37600
29442
40791
35584
40606
30066
40955
40901
37415
31180
28656
32911
33104
32052
29815
29021
28436
35639
37550
32880
35749
49073
60370
53901
56266
40261
43408
41881
60763
54928
48469
41179
51406
46181
45043
49804
56035
50914
35411
42294
45119
49724
54391
48317
56120
51469
50015
49702
56575
41812
39810
45546
56377
48592
40039
31986
40528
42356
48334
45461
30070
36205
36385
40189
35857
39231
42978
44807
36637
41438
51357
36878
40546
45993
52281
46886
47445
45158
45418
41173
61501
44709
57488
55563
51370
36311
45888
22612
42431
35531
35777
38605
35705
58925
38292
54986
40281
50594
44623
34310
32178
40140
44444
40737
32357
39195
38868
34821
37798
26198
41531
41512
29711
44042
36333
49979
25371
52180
25616
33837
32011
38348
46663
42210
36074
33112
36413
37867
35128
34976
37983
32003
40313
27726
43260
39105
42879
27776
40472
41396
27035
32905
39665
35797
39058
34821
28615
39043
41796
40789
37610
36438
31817
33523
29234
40008
40814
35889
22619
28572
45016
29011
31337
35936
36163
35398
39566
33540
31542
30569
31772
47123
40303
44457
38254
32126
42456
37744
49473
34063
47775
43475
49895
50131
42983
38910
43184
34914
47398
47214
34695
38473
33865
49262
40784
35873
44909
63868
45485
37704
44704
51276
50296
46435
50861
49346
37840
47108
48475
54009
48951
50980
40557
48749
43783
31233
44627
24537
40637
49166
37999
45060
41897
34292
44012
45706
45998
43655
46937
36035
38059
33251
36797
38230
45839
37615
38560
36135
41903
45125
49029
48398
43203
38299
31774
23877
42830
40583
32117
29472
36872
37179
36741
37832
31659
29027
33849
38757
46063
37751
40913
34543
37455
48112
38474
46051
41080
34627
35891
43377
38893
43315
37149
34264
27344
36429
36125
49300
48725
34660
37301
37185
47971
49040
41508
44120
22430
42813
27372
44484
33049
40745
36389
52628
50370
52337
40351
50617
40869
41785
41911
35174
45929
48366
51957
35052
42718
49602
55252
27975
29672
22425
24141
31128
28522
32147
30718
22997
34876
37431
21055
34820
37969
38313
34523
45716
32383
41733
32689
36240
37324
34950
37998
36726
34802
34361
35665
41060
37268
38756
29933
30929
34777
39128
43222
36929
28249
37556
40544
23814
29844
22642
22856
31209
26586
25750
30831
39765
34648
42727
33475
37205
43461
34218
40198
38246
46742
34171
41650
35043
39086
43476
44965
46382
41947
42024
47765
49711
38122
41854
42252
48746
42807
32449
42492
44260
38270
55684
32592
57559
39500
41352
38516
41085
44016
40893
30839
38184
55249
40039
52746
44966
40143
39777
41186
43632
51949
41445
44409
33675
26873
47188
42683
50201
44883
50104
39393
40562
41946
33574
59420
47181
50566
43937
57654
38992
48016
50708
63260
44228
49323
56849
41042
53985
44697
55815
51112
42654
29388
48219
55638
53122
32603
50367
55348
48946
38654
48026
34329
42652
43679
54581
50897
33416
38390
37177
32793
30223
27714
46964
34281
43250
32065
24295
38426
35126
28078
33889
23433
29326
33894
33323
28209
27046
23671
27325
31062
41557
24671
36424
23752
32939
38721
39232
36017
35388
42596
53630
34447
38707
46281
36708
37791
38269
32181
35368
44177
43967
45460
45894
51184
24827
23834
27107
37768
31806
36621
37776
31346
32221
25882
23815
26498
26554
21773
13931
30921
37268
48362
34780
47006
41264
50243
39021
36007
33540
54269
42118
44514
37296
28528
34162
48991
37706
42215
45795
41078
54221
50700
50517
34713
38321
43738
38325
46257
57296
53713
44519
48101
24230
29271
27252
30684
35963
28255
31097
28490
30458
24758
16441
30632
32045
34579
29073
35804
46876
35779
46383
38311
37891
39330
29489
38033
27538
42846
41458
28643
42645
29964
35580
35648
42087
44942
32842
42105
32578
40364
37696
42738
41399
48747
44564
42916
35170
36694
34973
34109
46119
29678
53166
38573
50226
28423
31332
44596
52393
46937
38702
39868
39783
34214
40692
36306
42387
55044
38228
47978
32714
36569
38509
49240
58680
53003
37184
41277
45369
49335
41266
42751
43709
50692
46339
32376
37515
51752
44195
42924
49053
50864
37358
49809
36322
43588
56679
43174
43305
31085
46291
40100
36587
27029
34748
43589
37405
32113
37215
38261
38940
54738
42305
23503
36012
37538
23323
41998
35811
30341
30741
25755
24911
28501
26689
39026
29979
21904
27840
29688
46531
35142
43037
37696
48207
41141
39074
34506
44219
35169
40324
47905
40114
36376
41128
27616
35410
30034
33141
37476
35104
37435
30882
22407
33824
31283
27341
26773
35685
23458
32978
34278
44287
32082
36290
40496
41504
38289
53063
40756
35784
46887
43070
55191
46419
48500
46876
36265
47597
51044
31069
42799
50030
48644
48328
49686
31227
40095
48278
52979
41534
48543
41622
38614
43295
22341
39734
27609
40265
39667
45144
44973
47766
28948
26052
40121
35653
38903
41767
34905
37763
47973
32553
34434
38535
33696
44187
38474
37592
29561
33050
30932
32773
35370
36501
36466
53987
54279
38790
44378
29319
40143
39690
45433
41001
42229
42351
41727
40121
53849
50536
56069
40737
21530
29487
26321
43641
30787
38513
27319
31608
30684
32867
39263
34739
28502
34883
40222
33800
25641
27895
42242
36484
37140
29626
29546
29154
43554
33581
29815
28838
29651
24835
22161
44256
49458
39450
36578
54809
55587
53293
54228
46153
39159
43048
53828
39652
49502
43627
51241
43930
43890
35790
40940
32457
35615
38848
40571
32673
48929
44546
38967
41963
37781
29134
40875
41153
50852
30996
45270
35422
46049
44356
41603
33831
29792
36384
40193
24622
24806
43259
37348
44270
53559
62410
53050
48564
39510
39658
47318
57893
44973
69319
46346
66345
54403
47331
54414
24956
33745
31312
25730
39885
52560
39236
31981
36273
28047
31340
39527
43358
31322
43948
39731
57266
40551
49567
41648
35244
40292
37585
37487
43544
44743
45212
40881
35475
54673
39549
46497
44527
42928
44974
49149
59564
59226
56218
42295
60874
47220
44003
42892
55882
49080
49521
49848
31905
38641
35329
37961
31785
25987
42952
31266
38117
40944
41257
49316
33120
27833
37670
40445
25245
36483
31928
33548
28926
38961
36113
43401
35113
33777
36987
22334
26941
30003
43291
32193
39835
48026
41698
57135
44214
40940
40742
39854
38252
44159
48981
39695
42182
52854
45881
42620
30481
44938
39728
35003
41665
38464
40333
21074
47034
31829
38051
37102
44708
37477
34752
38120
43845
51262
35633
42029
49408
47894
52339
55455
48416
36456
39938
54968
46083
35341
44186
32787
42003
30732
32680
36636
26189
42282
44552
43242
48241
33157
45515
36665
43686
36735
48030
42010
35462
29271
42718
37176
31083
33188
26402
20628
44734
24637
27594
33714
33005
35275
36010
39553
37674
30641
29830
39913
47032
26466
30832
35227
35105
27998
37948
34255
35723
39107
33138
42134
36815
30473
48663
31159
40864
37396
38840
30244
33587
38220
37683
37364
37047
28424
30312
32354
51804
41070
36843
47149
36541
50757
44018
47278
49393
45017
53762
54609
52699
56181
49153
34676
32931
50718
43167
36689
48707
41667
37469
43344
40802
33612
35403
31219
41706
40555
46735
42618
33748
46523
34895
36959
50856
36495
25687
37196
42959
39162
33947
33423
35082
39431
35664
34576
28790
26789
32727
22929
38475
31240
33640
44249
35166
32137
26872
26176
22548
24532
35502
31420
47061
53013
33039
38719
50269
39193
47171
42197
52194
51424
53554
45532
46108
66311
49219
56805
32712
38598
34628
34903
29993
24735
33016
24501
35467
23380
32352
30815
33688
39559
30655
46562
38895
44752
48870
42294
44484
53051
48286
42274
34018
36749
24061
39662
48858
47617
50043
44963
46663
40932
43405
35043
47037
31371
41286
36198
43606
55636
37615
33013
36565
42088
34143
46348
31913
33774
21169
34870
33008
36550
39229
36278
30782
31390
36975
50179
37437
43625
33276
45613
32312
38877
37187
25959
24707
39197
36082
34202
32605
41800
37632
31141
41762
33278
38162
39435
43601
31099
38069
33937
29597
37882
22491
34293
30097
36728
30801
40179
30542
27257
37788
28315
34107
35809
43079
53467
39060
46451
29387
38822
42449
35042
42361
35121
40326
33376
30842
37438
40991
52334
38027
37226
56307
25417
53382
35286
41280
33855
47701
44274
46056
41041
43456
50981
33888
52874
39463
49254
39871
34657
35899
42732
42579
42589
33193
34496
44969
41261
38794
41596
41694
32246
48643
56038
40153
34815
47211
48870
42167
44547
45320
60138
43622
47404
52683
38615
47009
41179
46768
38590
49815
50109
39904
41413
36776
51082
40419
31535
41677
34382
50643
42335
37207
41000
38183
47050
30558
42994
34443
37582
38792
32235
43323
38421
42768
51360
34976
37445
45082
45568
34677
58269
52473
41460
40540
62387
45055
31994
38826
56284
51384
56736
56571
57079
63093
50621
48513
49349
61303
52269
66823
65193
64917
49843
62403
40024
71103
57295
48405
55077
36331
33835
43312
36848
33109
40946
42763
46329
46020
33295
32383
40623
35977
39277
36840
44254
49598
47124
41268
44861
33012
59731
57124
39050
48151
44708
57735
39522
57554
58827
46199
48693
34122
38344
48513
36496
37494
51759
43596
24926
48762
40228
44880
39445
38445
50258
31465
37629
41874
48818
45917
41875
46835
38460
50680
39716
35531
44630
39005
40002
43446
36551
36960
43979
34909
44038
30925
42239
35274
28480
43296
33243
38954
51338
41537
40372
30925
42823
39238
42523
47667
46050
46401
47966
43258
38955
36871
39836
35724
41136
48362
49177
38593
33657
53617
58683
35849
44842
44015
47971
49885
58857
47507
41550
38835
28705
46876
40651
55906
35784
39913
46549
33242
38177
39552
36806
38983
38546
45739
33396
31415
40336
52175
42658
53599
49175
36301
50453
60258
51319
48747
43462
38489
39383
48878
53126
40593
34163
48085
41172
46109
47639
50116
40312
34569
48134
50244
47035
49983
47800
49780
57148
47783
55354
35070
43234
53159
44712
66428
45407
29244
36663
43019
36181
39080
32025
34358
45883
25592
35594
35769
42235
31864
38891
28156
39575
37187
36749
30209
34209
27245
32405
30664
43597
30487
27210
28807
29811
29430
37067
39801
32502
40343
48868
45102
42578
47283
37079
38636
43264
32595
44293
31147
46475
44772
42752
35389
34101
49072
64118
51773
32599
57845
57698
45256
53894
42270
35919
50794
50458
46850
43399
45533
41560
37522
38048
49099
33879
41550
44223
49104
37001
40903
34503
35482
26952
36748
52453
60617
52343
42059
41748
37711
19660
35174
18821
37096
35892
32584
30897
21957
26815
22223
35414
32602
43621
62203
51278
30872
44336
65562
34018
45143
45861
63264
40675
36121
50211
48635
56960
49297
57379
26453
39113
47753
38225
47230
32795
37413
31147
25803
28153
52394
45903
32683
31189
35121
34295
50952
40421
45988
44406
38356
38796
48253
36320
41653
41678
42912
47056
39448
45720
41996
43998
30240
15850
27513
29359
28642
25588
35304
32010
33938
28826
20343
29984
23534
35491
26427
28031
39810
37536
41035
43714
29971
52700
51724
48644
50958
50718
43771
36235
48861
36541
44994
44047
39913
42929
27298
35226
30424
29942
35242
38657
30215
33480
23404
22124
32630
21606
35539
30115
28785
27301
19180
33610
30981
34530
22792
33399
29930
22186
17110
30178
39236
34116
22729
34122
37158
33293
38836
40876
35613
32652
39673
30158
47351
49451
35382
35533
38650
34388
45898
23788
59907
58403
52533
47654
43595
58443
44935
40047
44644
43175
41142
45335
49301
36293
42681
28375
38707
42413
51938
62098
60263
59685
58369
39882
52191
49542
34820
62125
44629
44795
65805
48115
38101
40576
46812
24212
61470
52871
41538
46196
47153
44116
43469
47730
33297
49829
47087
39833
32504
31844
35027
32267
28236
29305
37091
27984
29128
31393
35294
26689
30460
24750
27070
31880
36413
46098
41812
56296
34987
43393
45744
59532
34937
44966
32347
57594
53361
39044
48117
26383
43462
37437
34698
54760
40785
44593
41091
46474
50025
33753
48577
52819
43679
49948
33544
48784
34496
22746
33837
32479
35948
40022
41669
44274
49193
39529
40786
43970
26103
33927
31738
50647
33637
39564
19545
41251
27570
32692
43688
42902
40620
38971
37832
35657
31039
27875
39647
37919
34963
27294
36618
38460
35975
35567
36093
40936
35643
36751
36980
30884
41191
40191
43985
38343
54307
60461
42021
54393
54376
61217
50204
49621
40100
51580
52390
45781
50966
53730
42045
60604
47758
39311
37535
37981
38166
46682
30778
40149
36876
39430
39420
48690
32204
27988
37961
50847
43267
47097
47375
57189
49459
48847
55857
44091
54166
55183
40127
46679
60147
50545
42263
48040
57770
50054
49693
35940
49139
53358
53034
38196
62300
57285
58150
49132
53974
51002
63656
57557
45958
62458
71421
51633
61239
44117
38594
65324
55456
53820
44597
58892
50608
54661
59970
54312
34656
28920
28195
31900
26623
19127
34493
33373
21700
27654
31091
20109
31325
41028
20957
29554
24289
35110
43722
36133
35140
41988
42849
25415
34451
39971
40333
39351
33086
33749
37151
35690
36758
51782
32324
54038
29700
48560
25069
52698
47705
42333
51315
42299
59439
52590
46789
47606
42631
29406
35992
44424
42747
36680
44239
35788
52408
43461
45344
43010
49052
40695
40889
51483
36624
46597
32826
33686
42754
31930
31654
43224
35493
38562
38477
24780
32414
32581
42898
40362
44140
39213
38497
42282
56882
34445
41434
42611
26827
52842
34652
36422
35049
34944
39474
39680
39915
43056
51205
32339
46628
48288
44303
43316
42706
35729
41070
38825
31857
36426
38096
39386
33280
39952
49601
54521
51756
56824
48406
44591
71270
60153
56482
48874
63265
47194
61653
59868
37724
43756
34654
49968
62632
46219
49286
40008
54920
56871
41034
56038
51516
53854
34049
46709
24597
37192
32109
31113
34997
36662
31942
34757
26290
35403
29664
37261
35142
27903
35942
30841
40984
33342
40153
51877
50685
48074
43371
50782
48319
46425
38434
31189
43947
49377
28313
32847
48282
48217
48422
49754
53500
46549
58244
40871
42082
48225
52546
46201
66501
46278
41033
47852
41825
51085
35463
42936
41560
30129
46115
31214
36031
37280
37726
25939
34057
29751
33011
40911
40739
27178
43703
38727
29472
32916
33377
41192
30649
30661
29435
40371
31105
29041
35888
27946
34872
46159
34012
34794
33219
41104
31554
37586
33479
32186
44237
43845
38057
27059
47593
37875
52264
32095
45522
46784
41748
40525
32270
47352
42137
51609
46218
34552
44762
38460
31618
33064
38940
28617
26311
30270
28179
39110
35886
24092
44529
37404
33240
30690
32012
27431
21991
29109
47889
33682
37359
34871
33418
40743
39914
28538
43221
42339
41963
38193
44491
44113
36360
25053
38584
37392
39006
46260
24957
49166
33619
44685
37501
39876
27347
45639
39453
40957
34282
25800
40227
35983
45825
44578
42569
49140
41505
32351
41383
35250
51050
21675
32967
35551
42656
40477
37157
45826
36451
43526
46799
44869
36375
52565
34156
38706
58250
39965
43390
43345
38420
37033
40992
55055
50327
46604
35375
42288
46964
42078
40424
45685
40819
47575
49616
53446
38087
37019
45372
22741
38446
27743
28581
42114
29748
35637
36387
30349
31325
42200
39840
24426
36155
42400
33281
41477
30028
32010
37868
32461
26221
44258
40800
46098
35288
29212
34655
32176
31923
31800
36307
35793
45473
56994
36802
43149
51357
57175
51486
65997
35449
49379
47172
59132
42205
49444
35822
30093
31514
35164
35036
33295
37670
34423
40056
29614
32137
38030
27061
29602
30194
32353
46486
31881
34713
43745
30180
41639
50073
43479
35416
37678
42537
40953
35623
39138
29557
46026
44800
48444
48260
41699
41679
33644
52950
43034
44052
61285
48298
44525
50553
55196
46374
39404
36763
33679
29569
37143
24528
32356
29463
26640
27087
31647
27593
31286
30359
30026
31722
26735
34459
33127
34046
29728
46089
40577
36043
21729
33983
32628
29996
36658
48743
34863
31566
32605
25432
34832
27953
38536
25873
40208
40252
37596
37891
43277
32231
37659
47012
40299
28995
29609
51408
48354
54932
32952
44374
37695
45434
41985
28086
40417
46964
50501
49515
46485
46781
37242
49713
32373
54172
37885
43622
34890
47646
47558
40429
45384
46206
52015
33959
59345
47008
40011
36193
43667
30052
28554
47227
45431
38616
32946
19159
46941
23891
24603
31625
24854
34798
22585
44322
40829
42506
46643
46233
38974
44124
42848
47923
45114
47040
43553
47653
47318
40375
45203
32125
36161
38447
37194
34658
32040
34496
32838
30396
41749
29351
49978
37383
38623
46108
26598
56679
46253
42130
53799
48204
45355
48085
61811
45730
52163
57845
57684
53528
59720
37683
44859
32429
51015
42766
40380
41229
43801
49192
39808
40394
47379
34973
41676
47535
42854
33042
49286
30965
34875
25135
40135
28880
32344
35264
41024
28889
29683
41238
22412
33134
30169
33483
25766
40331
30445
42768
44435
40927
33032
42676
28583
35741
33008
47466
42148
35946
40906
36230
34527
51396
60809
51515
47881
49272
55695
52027
55510
42160
51042
42686
54298
54259
36410
53504
42244
59082
59875
59439
51489
48332
53668
52789
53721
48365
40632
41677
41258
53966
44353
50870
46020
28338
34720
27766
26815
29147
42779
27895
36726
35473
41244
31434
35372
30778
37651
31004
39166
36226
38848
45148
39901
43954
43689
42462
45710
42527
44430
58398
41772
41305
58033
61401
41520
33142
28566
32311
36828
41332
39400
35898
45993
30438
42161
30798
38937
33061
32788
28909
42645
49518
53018
74159
55117
44424
62998
50467
57239
58325
36473
47393
47976
54506
58002
52405
46777
50089
52781
56081
48709
47454
36801
38310
43854
43886
41340
31250
40332
45515
53871
54436
48459
34138
32951
30733
41084
32249
21958
29009
29487
33472
34383
39906
31128
34558
34857
26283
29542
30571
32441
42994
49484
29768
39287
38763
54015
39141
39947
46883
42169
33731
39244
43424
36967
39378
56762
43579
42288
42244
52289
49325
46091
39464
58356
49362
35907
37704
41418
41575
50214
36743
45929
38895
41185
39496
27821
40091
37402
33307
47012
42374
23547
47544
48457
38039
43178
35391
51134
31715
34387
49315
40810
43029
39488
43331
35586
47079
34600
40793
29272
48576
48277
32495
29565
35873
43017
27617
36235
37977
33523
38708
39771
41249
37238
28517
45091
40750
42521
47658
39489
39315
47772
43242
48403
45155
44185
49265
46408
61864
42681
51164
55557
54480
50515
37747
20266
29150
35374
26584
23770
34838
44751
35671
32926
30307
26610
47121
32096
41744
18950
55097
41748
48745
49217
55666
40299
41261
52050
32553
42820
50209
45444
62786
39650
56405
49044
33616
24907
20906
26777
29090
28988
33929
37874
26329
30538
31612
24483
38305
39100
33675
29034
29497
39987
36278
50594
42113
33128
47208
36692
30815
35014
36881
46454
33917
40801
28250
52586
54328
41071
45276
55215
31783
51120
43434
38132
37078
49499
55396
27331
30079
38183
43388
41889
41315
28382
35956
40302
49576
35982
50783
30499
36933
35615
37518
41157
33688
42465
43412
33585
37072
33945
27004
41630
35575
37482
48486
38910
34517
37319
36407
32939
33136
32353
40041
44285
42900
40647
38445
43336
42293
24929
44483
42636
38129
27492
47498
42485
33993
56156
32402
35144
41075
45115
36545
30273
32870
38867
25099
43937
38718
38765
40049
35490
31912
46776
35437
33931
30702
31630
39396
34903
35028
28531
29437
35669
33771
37478
31790
31724
25376
19339
30671
32112
44861
37541
53438
48035
38929
56039
46794
44532
37090
44876
53894
51357
50636
42671
50166
39603
41754
54036
56605
43215
54863
56350
46415
35604
69026
41573
46308
45299
36776
48788
46644
46102
43215
26755
47611
44333
32668
36853
51895
37528
35213
34443
33849
53182
52457
37045
36760
39108
29419
36308
33510
31740
31064
42663
30001
36128
31353
25335
30456
32399
49713
23553
27744
32817
35418
41551
28832
45423
37112
31011
33683
38060
34425
43596
41561
25290
41455
31678
40949
27212
36762
43773
32820
21273
43173
42781
45894
45830
43599
29407
30693
39907
50907
39558
38801
36082
52881
37519
54426
55333
52134
38488
57565
39616
50445
52398
59130
52937
37026
37516
52676
53733
38118
31471
30714
35758
29690
34526
32612
17898
43500
39923
33970
43737
33948
40991
31532
30621
57636
54408
46993
45976
55353
38435
50247
40977
48736
46409
43237
43455
48326
57663
40857
38945
57428
36352
44472
41281
41313
58440
46773
34990
42970
41101
51826
50409
57043
44938
58645
48567
37633
42697
29063
35925
27231
17999
24258
24930
28275
32252
30995
38882
36684
24236
28368
33967
35715
44172
32729
30953
25158
22627
37508
38291
38271
35404
30263
24655
31944
38232
37601
42314
40335
40151
43562
44006
46626
51990
37976
43696
39023
58409
51325
55572
45018
31983
44019
58076
36811
52124
29103
29421
39148
27068
41229
49012
52840
39270
38655
34313
36971
34939
31544
50207
35680
48683
52131
48708
37373
49645
43170
50279
42024
49256
43503
51332
34864
55797
34258
35942
60017
50902
45511
37056
47027
39836
48971
53770
45226
60676
59556
46993
49701
45562
39155
47504
54775
34188
42760
41975
46615
39461
52040
46850
52060
29543
50355
33705
40705
52482
32169
37862
42475
48308
57405
46665
45599
53340
35456
44020
48599
44884
44233
48067
33834
37436
57669
40831
56754
37143
33612
53458
52714
53333
45336
36082
38737
45985
46234
39644
44006
30188
45002
43335
35231
39510
42997
41394
56111
39100
40654
39626
35640
36275
39263
39131
55459
38376
38721
51788
35839
37631
23033
24430
26186
23587
25518
23086
37758
35515
26115
35726
32399
29654
30641
25465
47177
45219
30691
41943
38357
50146
34911
31743
35667
38832
40667
46289
45124
41841
40547
36131
29409
19640
33372
25931
29341
26439
29976
28356
31660
35183
34019
37728
27443
24423
33009
25705
37959
42138
48757
47919
51692
34948
43006
40741
29821
34287
41473
36725
39360
50724
34913
42901
40163
32118
45656
29124
37337
31947
38239
37883
33739
37182
32432
32553
32045
36644
42679
43773
43795
24621
39650
41246
39989
49027
35073
36106
50109
32828
50146
38667
49589
49826
33297
54416
45922
31766
43136
54069
34181
35118
35970
44593
53023
26603
38323
34411
39566
36401
42884
31787
34632
37548
39818
39642
32057
32912
42199
32482
39573
37191
47238
38138
34024
44368
36388
38799
59803
51383
52160
61735
52753
50235
55280
42937
52764
66980
50520
59805
46228
44050
61856
57092
40515
34545
45292
40768
32792
30335
46899
43916
29074
32775
31020
34382
43277
38642
51886
35459
45756
38359
33385
34523
44531
40427
48770
44215
39781
46656
49603
31992
43078
26907
40362
31226
41173
46729
30331
45670
30545
38378
37601
34286
32515
46905
33171
40793
43932
35806
55047
38332
43104
28355
42560
43304
40327
47318
44727
45807
35693
50622
34879
32553
28506
41455
45096
34994
34678
45692
43259
41564
29690
36195
41391
27291
32455
33100
47138
27729
35664
34131
25068
36762
35808
20269
26221
23162
37290
20227
30287
34665
29861
32515
35977
35385
18710
28625
37936
26730
38100
37280
35705
38482
31127
30532
46024
38860
38489
43129
34240
41054
36456
30144
30561
35098
38277
34655
41682
45837
30176
34580
46746
43867
33422
36740
45196
33279
46886
47914
36588
37409
52474
34894
47230
43048
39306
41454
62798
41132
38949
47009
46789
48110
48616
33527
61955
45948
29493
24870
30659
46030
30881
34552
31866
26132
36864
40423
31182
37607
31533
40271
35384
27731
48368
43542
44916
36071
55133
40238
46904
42346
53566
43449
37378
40058
42626
49463
38289
42749
55503
49934
62015
49384
52479
48613
59779
55478
47752
55989
50357
52205
50021
50384
35340
38082
24304
34899
31925
29092
26717
36031
31602
32400
35316
23891
45133
42855
30407
42476
35169
28960
30673
37447
29982
36867
38488
23882
34324
36916
35704
35917
34462
37297
40547
31544
35066
27640
40371
52186
40609
38568
41627
36058
46013
38999
47109
47947
46503
32843
42119
47095
42670
38570
32485
34270
36548
44607
45563
39468
43514
47373
50684
46900
41351
48079
47163
38125
40925
44015
41573
35982
40655
35445
37637
42189
41936
45903
35354
43592
35949
28883
38582
51144
27032
43053
45911
33858
51907
33709
30003
44245
44754
40841
52344
41571
31340
39013
35963
26854
25900
41167
47914
48770
45765
52060
50267
58443
43009
50759
52232
41663
43211
44141
44120
44049
39284
52273
38666
24094
37238
56954
39827
56285
39662
45843
36618
38530
38642
46227
50934
53038
47333
51540
27284
24317
35094
34146
36946
42020
38733
20359
37787
21040
37737
31293
31156
30689
35201
38234
41632
22170
32396
44385
46549
39229
38711
42094
30361
32063
47028
42858
44424
41702
34415
41085
46110
44627
39445
40210
42204
37648
37303
45332
53088
40594
50719
46761
38187
41439
46797
36076
33636
41984
29531
34006
31711
33088
25519
35691
35295
30839
46048
38884
44521
32737
43473
29235
35371
34391
24641
34197
30127
32348
40353
34313
34640
37168
43907
36368
41427
29817
27269
42478
43129
50449
51133
55067
36378
45277
41996
34297
35115
51292
45311
36556
51182
42213
41956
52547
56799
53229
36181
41830
39918
43367
38381
39940
58155
35000
37765
29814
42516
36628
33324
49384
36810
38926
47817
41391
42437
40355
51446
33192
39758
43169
25873
44622
41590
40109
33864
44151
47953
46275
41401
53561
54719
55767
48797
34557
51976
44365
47302
42097
42050
45797
48794
46800
31558
34509
29216
33161
36867
35348
33807
28439
35486
33777
38016
30415
31292
26241
24818
27401
32006
30634
40477
40207
43137
31539
29261
43877
39325
43856
36681
35571
41534
38943
41349
27587
44932
38443
36017
42149
32579
39920
41804
41787
37276
40703
42116
28778
41840
25134
30187
41434
30780
36683
33317
37727
39132
39934
42228
29335
41064
40676
35941
40022
43780
34667
31052
25943
23686
42537
30853
42149
46446
34269
40033
49734
34266
36835
28179
40670
33094
26910
35053
23510
23938
35585
27959
26375
19882
23203
24260
22912
24744
25340
24364
33521
25043
25011
27256
24713
36316
39458
43145
52364
36183
45219
43657
30827
51570
46228
39865
45186
42542
48125
25927
42920
38303
22767
44871
44277
30735
42932
45163
38656
35095
29895
38094
48646
39545
35046
23706
45118
38358
52314
38068
33902
38878
44376
40850
36605
46123
48872
38778
38018
59695
53142
35779
30159
49866
46038
53763
28086
42364
43788
25596
38298
43890
44822
47275
39868
36745
51871
39544
35828
53651
46893
56416
47213
41746
60753
45445
46944
51512
71270
49380
60569
60563
44007
49730
50993
45363
58205
56313
51977
55231
47279
68066
43744
52342
53437
54659
58572
48350
36381
53956
57113
48895
46433
55992
58289
39609
47919
41393
42555
57962
45883
44048
54087
41563
52841
55652
41082
42193
38140
38861
46436
37678
32021
34672
46088
46552
49120
51422
33650
44104
49531
61348
33095
54499
40512
32201
60043
49913
29093
49934
44355
49276
55531
58897
43104
51171
34979
44272
54578
26093
48712
46766
53406
44548
38385
51040
49577
37453
33241
36097
35779
44130
41491
56883
47663
48289
57854
46195
43333
55051
54605
49394
50167
43868
42901
46757
56015
45328
53550
55705
51845
41293
32463
47563
36828
39152
32204
41219
40042
44847
39842
39498
42701
39133
37333
37733
47845
40166
37196
50184
46875
59142
54375
42322
48028
61755
42559
52563
59167
57176
61757
55684
63759
29984
32254
51576
44089
47563
55685
49546
60902
43136
50574
41518
25972
38576
46202
44308
35682
40672
46077
44649
55599
31967
47987
40853
26224
42573
35368
36365
40404
41783
38894
37262
43510
44108
33024
47566
39351
37098
35720
50417
49394
55315
53132
54863
52709
45676
52571
39899
58897
42488
36486
51051
44987
53518
43358
51655
51691
46496
42480
37126
43793
33098
41514
43800
35516
45207
54975
32968
40256
50788
33368
36581
45012
47427
30076
41904
50213
30724
57173
43491
45145
37690
47949
34540
38281
36323
39744
35254
37683
44092
44948
34663
36204
44002
42893
33358
45077
30471
42737
38764
40714
50655
44733
43252
45768
53360
44615
52714
51184
33005
33846
37727
31185
39972
32820
34717
41027
40389
23525
33748
36426
44183
28809
30320
27594
35867
40670
34966
44384
40533
32910
38446
39811
43608
34712
32817
35010
32269
41620
32349
43610
37711
32807
37261
38635
49868
34221
36473
39501
47040
42404
49096
33729
43437
29903
59115
44611
43659
41137
47140
32279
53118
28293
41460
43856
39662
48200
39591
45976
38181
35341
44069
33239
36075
51489
36312
50629
28660
40113
44296
45300
37280
34558
42210
37910
33352
27026
46598
34277
36597
38436
26587
36877
43506
50008
32528
52472
39885
42165
53522
34852
40726
36682
42138
38863
32610
43712
33287
48130
41279
52163
49311
40898
49321
56504
59220
60702
60162
61921
43660
60313
43534
43098
39541
51415
49824
44773
42544
39330
45460
53627
43727
44225
49565
50245
36396
34682
35535
39260
39988
38687
49032
57906
63648
37717
64412
56434
58281
54749
56433
55112
64862
49859
61957
46913
48661
67315
30349
45385
42905
43367
32655
41762
35290
30840
25412
49907
35199
32204
41941
28239
41243
28747
41728
52381
28001
37342
49024
40455
29551
57765
47174
41343
41197
39182
44778
51287
44612
44125
30506
27768
43282
28556
31021
45765
31812
28820
38459
35758
40803
25517
32217
50152
35793
35144
31543
40657
56556
38879
49519
33689
52333
41956
58546
42999
46018
40637
52079
42084
47185
43521
39128
49018
36512
32976
39320
29184
37395
36531
28590
26537
35642
45048
32702
50390
38577
41650
27620
34560
30645
37025
44229
30234
33700
41396
26537
36243
29169
36135
32757
36472
29662
30044
45937
47560
32820
41014
51000
37646
29842
43485
38203
50740
50279
48114
40727
36826
56530
36396
44977
34005
48537
50924
27670
42514
37920
39938
43659
43903
47979
36125
52993
49819
37937
36353
37155
43814
48455
39724
32456
37549
44618
37381
42495
44873
35333
30492
40326
45173
52530
27570
33470
34116
28516
27185
30064
24586
20768
39908
31056
25662
27366
33285
21953
30070
30601
32062
34328
24298
23994
44984
34135
36369
28925
33520
39037
35627
32440
33632
41160
39677
40675
40512
37487
36165
34165
24118
36184
39213
35366
41297
30224
38548
31990
37851
27766
30604
38606
26984
23814
48776
29739
46830
26629
35278
33779
34299
27626
34719
33105
42243
47104
35090
39581
40231
46656
54605
47342
42563
39513
41278
49649
54465
51719
48447
47844
47785
38465
44832
51016
44194
45922
43158
46374
30612
41190
27991
41365
44539
44179
39723
38113
55810
49838
35052
35684
36533
38371
40143
46420
44636
30623
45857
40765
29613
51755
45948
49280
35700
45097
39487
32993
27962
58319
49651
51459
53335
41756
59897
51794
58060
55243
32507
54384
40860
49886
52332
44525
55945
35701
29037
38409
32270
36477
38865
36318
29829
37323
46610
32185
37707
31766
33103
26522
28557
45063
37975
40022
32955
48355
49858
39915
52586
46084
36213
34020
40207
51328
38156
48089
49859
36088
32850
52129
33144
31924
36997
33886
42744
40003
42081
42508
34757
33367
56267
48327
30233
44890
40965
40706
41555
33567
49070
47972
50981
42550
48422
29496
39794
48819
28750
41417
41925
56327
53687
33261
51103
46956
52376
41245
43060
38852
57546
54985
50263
61695
49030
55175
49124
28400
24452
37973
42565
40101
32665
41560
37340
36979
38042
37708
40301
38089
31921
35689
29191
35193
41303
38763
35782
30980
24866
34625
31642
34193
27998
38153
39922
36026
32745
38520
25669
48304
56320
43438
39987
41957
40682
49203
41926
28491
47652
38799
51972
39414
44243
51063
36927
53949
52580
37453
44089
39721
36191
45333
34687
48093
49133
40695
47071
41985
32215
34983
45395
47127
38984
38860
53485
44935
48713
28694
33304
41607
27048
50518
46129
37353
29842
26366
45755
40917
26986
35165
31023
37614
50855
36175
36471
33772
45159
40782
42353
41930
38328
38830
33630
37103
43705
37575
39762
41107
38025
29416
40444
30860
45306
41853
29578
35388
23918
30496
23633
37547
32434
34867
43795
39254
34969
30130
29700
32968
40334
35150
40589
31178
41153
35604
31573
55080
41601
37663
27259
47801
32531
43708
38088
48244
33888
41824
27825
38783
48337
47867
31336
45692
30900
31632
33679
43998
43380
30211
31887
38420
40069
47358
30992
32274
44973
46707
33851
33277
44756
39041
40856
37242
39781
44490
35538
43641
43023
38226
53428
34070
38708
51326
40448
44813
35449
38473
44157
35718
37526
51373
31276
44565
38406
29315
41138
49865
41497
43554
56110
27868
38079
44961
38473
46841
47683
52136
42750
46251
39078
40030
44843
34934
44257
33341
46409
38753
45164
48062
50286
48210
31737
58254
43674
44420
49210
41288
32533
47926
35012
53223
47023
63737
42397
64591
60652
49947
55694
60976
66132
49809
62369
46321
55909
64760
66117
47859
61655
56150
69459
63843
60316
40138
59919
39820
60872
52856
57658
54435
60052
44656
50077
45562
64641
46815
40260
34437
47751
52159
49070
44843
32861
59953
43385
35195
53058
50560
50278
53189
44659
41435
39858
27630
31848
38076
28911
32228
31335
31028
40112
43081
39684
23550
43318
27202
37646
35605
49798
47546
43107
57859
33539
33213
43400
44253
47374
50025
49643
30554
40514
45944
47384
51226
44065
35874
49694
29519
33633
49911
43396
42848
35839
40234
38565
50915
46826
42511
49875
48214
47246
55708
30890
46322
33446
57117
44592
40959
56831
49073
48445
45463
35017
47884
47835
31695
32502
35709
39609
31581
43896
36988
30922
40087
26581
30730
37807
37357
28431
38604
33194
37719
52895
46218
57097
52616
57075
33474
33770
46085
41490
46916
37070
49867
39963
46025
55172
39103
37118
49806
37774
32543
38016
29780
46254
47807
48818
55494
42708
38068
50982
41822
52804
45370
50902
44476
60408
49464
53113
49719
46299
49393
46541
43255
34589
61098
51858
45670
40651
50426
50643
46270
40841
35212
34977
24299
38298
48545
33533
42752
36390
33120
44287
40486
35187
36275
51386
49963
43673
44805
44338
45590
56035
33654
48782
42974
38668
47811
49524
23199
32768
56462
46523
52669
58565
59642
48477
47431
47919
45893
32692
49334
51914
48486
45475
54011
40911
39635
32547
31240
30823
50818
50323
36020
35207
26644
47778
53243
47702
44319
43742
40452
44813
43524
34205
24035
34859
43533
48600
38878
47626
47072
33304
40636
34676
39512
44531
33747
47164
57735
62361
52695
42676
43482
46800
73067
45607
52343
65501
61015
53200
59395
56391
44095
46312
30228
34122
40285
33666
36104
38081
26871
33109
40208
42947
18949
35884
40815
31866
37541
34734
42841
44097
43707
43873
33833
52361
50907
45715
48894
37512
40321
35737
44617
45755
47350
41027
44601
45115
45976
41662
57729
41449
41350
44778
43695
36735
44761
26152
38482
34224
42119
47101
34530
40251
36013
53804
36430
37089
35552
37039
40604
33680
47536
31353
37147
38507
37667
25404
28725
32637
47145
39200
41627
43323
30928
25303
36664
33846
48976
40937
33749
41753
43265
40021
47595
55753
36919
37023
63878
49530
52509
35778
43970
48202
56309
51352
46986
46959
51988
54437
47408
32609
31705
39095
29843
37945
40579
32861
32913
32657
41079
42792
34206
31024
26433
32458
30853
29781
27315
26249
38495
49091
41306
44820
36209
35897
51224
51792
33516
34733
40018
44108
34298
38377
36421
29915
27491
36702
36251
29273
24408
22337
44149
35709
30367
40820
31846
26807
25995
28787
27805
26442
29337
18625
26043
31408
30517
32055
27753
22907
32841
27462
27465
41812
31940
31313
39680
35912
36346
38387
37109
38878
35411
44534
47479
42636
33698
39444
32941
39805
45780
40059
35804
46761
33508
27059
49346
49774
39855
44594
38323
42473
46513
40135
32530
41442
21837
36217
29296
27689
34473
47659
28410
37722
44157
25044
32968
36349
40096
25054
35311
40969
39093
41017
47685
38318
58243
33956
45180
37535
46155
43572
50808
51920
50065
47745
47142
44425
50027
51993
38673
60235
54504
48388
44777
38896
31390
41066
38543
46711
33587
38933
34960
55792
51510
54256
32375
52737
26415
43770
39748
46560
47608
46627
59049
54634
32905
49398
54553
51086
45003
38157
50169
43708
40264
39861
51394
32247
50759
41959
53050
56015
55426
47424
41649
52642
27744
29915
26641
34344
33330
25399
43029
31365
27538
37501
39751
35448
23237
25657
23352
43727
41106
29154
39237
19531
39496
35158
28609
29286
46410
31584
46684
38606
30729
45096
38187
39547
53868
50738
43013
43316
31959
37326
34623
46802
38165
48133
45593
38740
42943
55053
30447
30696
35702
33117
41724
41222
41497
45780
32635
41771
36190
35222
17996
40609
34936
34589
26642
46949
30354
58604
51640
44032
42642
45831
46288
39335
39949
51424
49642
35801
41478
40160
42959
48130
46304
39012
48674
56730
50239
50612
42970
37934
30032
47988
37537
35537
47958
33302
47019
43565
40347
34932
20771
38611
35265
42643
26833
34085
32925
34815
43111
34670
27467
39487
41045
37077
59328
41588
43186
37745
40553
35548
47303
32628
38919
35408
37014
33494
30090
37734
30493
47908
28655
27763
28260
36994
31332
41623
33527
30238
41519
35821
27909
44237
26997
28940
33876
30604
39775
26550
23833
31079
31786
36242
35322
40497
31777
35491
39134
36081
32316
38684
35606
39118
27711
36910
52613
49923
43306
39590
28774
44144
37956
36547
39870
37290
42466
42753
49275
41872
33387
41157
43074
32051
37434
30695
35046
36427
36740
45248
35660
37769
29021
33950
35683
30136
62357
54049
78398
46838
61848
66525
65064
63528
67311
53913
42042
49138
41606
50554
57425
54739
37883
42696
22519
33878
29598
25562
32881
34555
28564
39708
47394
35477
41625
39026
36505
39375
41258
46915
41130
36845
47127
44821
55329
34859
34768
36848
36723
36178
54875
47252
57123
28019
44479
42479
40349
46830
58223
37977
47322
43739
36708
60088
51863
47232
37614
45838
47070
37970
32306
36226
37016
35758
36840
28676
37406
25651
30780
35307
38588
34192
32145
28077
38970
34549
37490
33992
40654
35754
39120
35773
41447
26049
26678
43052
36915
21960
34307
34330
34078
40712
40425
44992
46357
38193
35915
42377
41190
37325
44673
37953
37491
49704
37719
52507
45782
43996
38930
21690
27732
41805
30511
34173
20510
28531
42151
35330
37153
30023
38758
32441
36997
39008
36730
49472
55148
52095
49212
52005
50059
47735
59497
47016
45475
37313
50209
57772
53513
52217
37808
40796
34444
38643
35726
36268
33679
38424
51887
36170
47657
45686
61387
40221
38405
31553
32567
25285
30871
49262
31659
34551
33216
30271
28933
35797
39740
41807
39260
36790
30641
33655
48331
34848
47961
36251
34028
42975
43924
49796
47240
47891
41264
47872
43636
30851
38578
45550
38491
26259
39359
43047
33316
23958
44841
43875
39371
46199
45361
41276
37988
38904
40112
41188
24264
20725
41139
32924
27224
26131
29150
36264
30126
29795
28207
39832
30481
30628
32746
23664
38015
37780
45264
38161
25410
37914
31601
43488
24541
34706
31382
41064
27422
30918
36114
26206
37415
47649
35961
45481
24866
36544
35424
42721
46164
42015
36116
34197
38259
39645
30045
44348
50642
45966
48172
51669
56438
57124
31866
46514
56197
45603
43069
50411
44349
57880
58338
40696
46149
39480
33996
44653
34675
40602
40137
45057
41368
40822
39646
42986
31192
37715
31971
37671
33078
37053
26212
42703
33157
40543
32489
32338
27529
38991
28328
25952
28136
41114
34265
37003
32613
44443
43985
41178
41230
36075
31056
44696
45767
38309
40884
27947
42323
41311
35368
38768
46309
38455
28477
36013
38666
49261
42275
41765
39185
41669
39622
35739
38051
40893
30192
44007
22746
27453
28121
21404
27592
25686
35307
30200
23930
20945
34211
27801
38053
36559
26975
25323
42824
44908
47571
32884
46878
45417
40336
51948
49513
28241
40372
33427
41179
35131
54360
32147
42456
53624
37775
37578
51272
30756
35723
46912
39903
50879
52034
39346
24760
46135
35761
51395
52202
43145
37496
42510
49834
29759
44306
44493
34419
43811
42405
29951
49525
41407
35137
33019
31662
23479
35629
38885
25353
28340
41200
35618
28240
33209
40328
23834
24570
35811
25348
33645
42896
40725
32031
40486
40894
34202
39799
35807
44457
38367
38618
52146
31782
42314
36606
43406
43037
40740
50622
49278
41614
41897
39311
44981
57173
62247
53237
50802
37895
46369
42140
38730
52752
39330
39561
39100
42545
20848
43041
33269
30487
42413
45672
27699
38216
34793
38211
36281
43756
41197
43425
24940
35604
47265
41637
41680
49148
32340
38469
34354
45680
31371
43107
44150
36297
39140
41379
28938
37478
36623
44050
41665
39780
42209
43925
51519
41125
47280
49624
51948
45146
42154
48300
57558
40351
47434
42141
46661
30202
24322
43410
47378
45183
41592
53792
34126
42169
44241
51516
39258
40453
40025
43723
57536
43228
27500
41001
50560
47313
57596
43731
47778
50657
53513
52813
39127
45005
60472
54413
52175
48743
39844
36697
40520
40576
39097
40791
42899
28474
40012
34948
30167
35585
26907
25684
36573
34872
37895
39428
41320
46274
35867
41656
35803
38049
32899
40039
43195
36331
28468
39847
31960
36143
38029
44220
33972
40599
47220
37512
41715
35232
31717
30487
33319
33615
23082
27754
17877
28930
31771
30321
33713
35495
37475
32204
39286
36049
38135
45473
36601
52508
50308
44156
34349
38927
30186
37340
44475
30353
52511
48857
34285
44767
46734
36432
57799
42837
55374
35614
52072
41048
27960
35565
38402
45540
29040
43141
30747
28154
31503
35324
36103
44832
41450
45782
30981
38529
33236
45535
40008
25733
9099
45807
25796
33776
32013
33852
32974
26005
34075
27095
40670
34661
39981
32761
30662
32215
40607
31866
43416
46727
40220
48343
42254
49400
40514
38619
50737
51858
40629
27463
36170
48872
56587
46697
34988
35925
36282
39692
42074
32123
54002
35540
47886
45113
31014
41027
46073
41611
37505
49055
43491
57004
51749
59649
56941
55577
59365
47532
59043
50603
52898
67704
52134
44522
54514
59607
58796
36023
34717
25209
49029
48503
48612
48786
37457
42698
35885
45655
28679
43331
41036
46172
33828
27116
24787
37554
34214
35318
33080
41143
27116
39203
35000
42472
34727
39407
35908
38231
49599
42719
50076
32345
32844
34302
39769
37752
42698
30781
35711
32600
34274
43911
37155
44163
42960
39636
37513
67596
47088
44289
39979
48204
45638
38728
67919
42544
44798
44281
42664
50286
48631
40696
47926
42624
33480
28430
27275
29021
32040
47756
37385
31804
43215
33566
28921
35703
36002
41283
43247
40023
21343
38125
43406
30115
45824
44133
36882
44513
33687
39356
41790
50148
40429
59957
58558
55816
51251
56250
50425
45335
53719
51504
48655
56663
47430
55404
49577
59729
66246
53440
48009
49668
53758
33563
40386
48822
38610
46422
44447
40638
46174
30479
47670
43403
43593
47371
47967
40409
45330
57888
40400
66741
47213
37692
38986
51848
56024
39945
37292
49458
41051
40868
28006
43972
46738
47382
47801
30938
38862
51560
39992
36939
46871
26584
41222
35606
50523
34764
46344
37905
38440
40864
39866
43294
38145
46453
41238
39320
32748
48690
37190
40246
31300
20626
31621
30906
24108
20183
38653
26792
29804
27199
33617
22889
26056
22577
27200
33952
25881
48684
30385
43629
32774
38218
44992
55704
41824
47286
39494
46496
47547
34193
37373
51061
38175
40010
60224
45338
50782
41033
37687
49729
35354
33605
39837
54014
48462
51329
51597
50919
61911
45182
45739
34569
51176
40803
52163
45177
51442
39856
47580
39971
53323
45330
51834
53524
46605
50150
42914
42901
69724
55877
54187
50150
50599
52944
41856
48939
47145
38197
44729
42088
61491
33282
33786
38329
29746
33843
33612
38814
41086
35774
50040
44399
29519
39600
40254
29570
36739
51652
47662
44282
32180
37795
41188
45339
41077
48173
31577
50322
34614
35535
51867
43790
41138
36967
36561
33657
26276
43571
41065
39815
47228
40745
34477
39713
38946
48084
34782
33993
33559
38043
28273
46873
47641
33631
28048
38804
30551
31506
44226
41993
42489
38944
41968
38922
39223
30895
26799
39393
34406
52160
40168
42837
31504
47169
33847
43431
43358
40747
33591
34990
26626
38820
43040
50610
50579
29337
40804
26983
43517
50863
38790
54125
48399
41584
40510
38527
33527
45771
46941
52611
70273
34170
40161
39464
49000
62842
42230
35020
43227
35235
41934
55959
58342
53623
55937
75832
44202
50455
41331
55609
45724
44961
46905
42441
48069
47873
64128
46471
54107
48422
29909
39711
28133
33830
38513
46563
47340
37444
31715
38312
36906
34051
49828
47848
32339
43256
52952
38348
35024
55462
59385
50345
56439
38456
34953
39215
48985
39878
54339
47718
46128
43278
32991
51309
48315
44534
42240
41936
40973
46568
31293
35289
39392
43004
42079
59347
37678
47441
34086
41817
56968
46009
32786
39216
49794
37470
39558
39206
31811
37831
29400
45618
46257
39454
45423
38530
35788
36458
46215
42887
41757
35463
38960
46207
32195
40066
40048
31076
42614
46746
54255
47864
36985
55427
51518
53820
52974
39352
38180
42928
46365
55205
52528
58664
63397
40116
38875
39637
44877
39479
47350
43415
39811
56239
47555
46402
51616
55759
43113
37334
39467
32538
29154
32517
37678
36328
33188
21486
45233
35300
30101
38464
36000
38581
32483
30007
35298
33351
34431
35498
29405
36097
39514
48690
41676
40354
25123
33442
28330
30445
27124
33538
32602
37125
38997
36201
34599
33358
34610
38290
35059
26910
33495
47624
35072
34610
36444
43332
29894
37206
44911
42649
45344
35448
32787
30528
39504
33857
49905
28529
34546
38807
29047
41895
38091
42011
46440
38469
49781
34154
36779
62591
36714
42549
39640
42819
39253
41846
41055
38332
47058
30660
40844
25473
43384
30794
43610
36906
31360
32526
29268
23994
42065
45368
34031
36968
44533
39984
51190
40260
41894
38197
45848
49735
40524
53477
44394
46806
28228
50386
47243
34274
44486
45794
46513
30459
39225
38652
44259
34855
43948
32426
51219
39321
48924
41821
43576
50860
39239
45393
41539
44230
37042
39352
35040
30791
49174
40876
47082
38269
35828
39245
45946
45954
41500
44492
46728
38700
47252
52158
41683
28175
48344
38533
29828
49448
34605
47494
49218
39931
33867
43648
36164
49015
47173
57048
41186
55027
44485
42734
39010
43358
46405
47282
41607
55314
36421
49982
48230
53761
47590
39000
44245
49328
37414
54664
46308
55899
36329
61202
48512
55442
59021
42756
30928
33445
38913
42246
32708
34163
36383
31571
41592
27135
32345
40472
34678
32616
33231
35461
34873
39431
53305
33071
50339
48012
50035
54037
42712
39942
33067
50252
32927
54516
38186
40427
49104
34838
52290
40122
34186
28276
31071
45855
42361
39258
28900
39404
44779
45667
38023
38572
32227
30058
41531
36185
42465
34363
26824
36166
27242
38589
31662
34920
28310
31553
43389
49976
53309
42377
46869
51744
41200
41504
48080
42865
45295
50878
43590
38698
34481
55330
36448
37153
32307
34206
31856
34454
35232
33685
25052
30376
40471
27910
47641
26366
43566
26982
43556
22622
34108
43418
46326
44517
31283
43341
28510
43610
40402
33679
32383
35382
38357
33867
33216
48985
69526
62053
50584
53725
56597
51414
66635
59741
41359
69727
53183
48418
56401
44789
46665
30583
36535
46655
39996
34771
24253
28023
42023
44012
38017
45520
34185
35750
34025
26926
47273
55525
43923
36166
43291
41411
44421
43309
52114
40080
57803
39907
39029
30841
48264
52907
37402
28269
39507
30910
31781
31782
38999
27748
41224
36836
29033
35540
36187
41309
31835
44985
29772
29787
25679
33590
30206
38871
34147
37053
41022
34769
41969
29487
25473
45991
24796
29449
36977
61469
40445
66754
47867
44366
48994
51886
52999
60871
43675
52163
43659
48449
53987
52103
49213
28368
31067
42105
45177
35863
41819
36969
50150
36734
28824
36602
36013
37684
35426
44727
45396
41632
40899
47361
53846
37426
34367
39847
52655
38107
49133
50754
54110
46529
33588
36985
45203
53748
49246
53808
51591
57142
48357
30966
40138
41316
41439
39868
71927
49423
47217
47671
40218
46669
35612
40751
47168
40789
41167
40224
41121
37795
38206
34937
36397
37712
47707
39667
35859
51652
44695
41911
55753
52410
50139
54607
54587
52829
38768
40063
43030
41971
52684
51124
37580
38282
31623
34319
43078
25649
31123
30125
36397
29159
38512
25064
25880
35298
32461
32170
36112
22105
27173
27247
30021
23670
22325
24435
18704
18484
23903
28871
23541
15654
24796
18086
33508
38524
37769
52257
44714
46530
54254
42429
41870
53174
44958
34120
53256
37656
31866
52949
40477
29034
30050
36575
41598
34423
31614
26076
36407
30933
39109
35541
34613
43748
32698
37070
28610
46515
33463
40843
60537
50301
49632
48100
38792
51054
51757
42379
49192
49489
46640
56150
53475
42157
47329
37955
39257
41509
43102
34451
42238
45429
35212
41467
39409
33799
36897
40052
32651
31348
47858
45547
36680
34714
33618
45917
36623
45789
33522
43176
48307
30930
26868
46808
31740
51865
53772
51689
48149
64104
50078
65505
66850
59874
51131
54622
57484
58869
47619
50038
52177
52176
67220
36490
61946
44729
28186
37652
49815
40966
37732
45865
49868
46226
40231
54358
48334
38400
35426
50564
34171
36963
56619
44642
51205
39098
43025
40966
35842
44201
48550
42657
41498
35384
43710
53751
44586
38013
49297
61410
38566
45934
47962
45891
55449
43094
38664
52340
42831
38669
35879
19566
48179
29578
43057
33218
35982
32573
44045
45030
40334
41709
41784
28328
43333
54326
50428
47209
38959
36918
25907
44775
45109
48096
50830
35496
35537
48196
57081
51394
43803
45344
35072
36027
47433
45995
29076
46839
43175
52409
38572
35182
49037
40387
45646
40745
43482
41290
46544
35911
44535
38388
44304
30812
41485
36301
46021
38898
42846
60198
49573
34588
46259
39640
44178
33498
59388
58474
41756
62138
56811
52570
59578
47878
33800
45516
42622
32987
41358
38044
46511
30814
31729
36107
37698
36205
38170
31152
32825
29942
40190
31759
40735
32973
46752
40269
39362
46619
30369
45109
41090
33940
42132
50392
35085
43692
45595
51128
39294
41429
47811
33104
25537
31073
33690
39919
24177
41304
39910
44625
29091
23161
41151
34277
36590
34306
38620
33544
24700
31697
35810
30035
35473
35511
40064
32098
49704
27800
37477
40225
42279
37927
31022
50553
48148
57418
39591
46159
51026
45206
38671
33896
51144
50389
52775
47297
55299
54516
46830
47325
47907
51876
49410
41238
31436
44563
44872
42259
35023
33655
58536
41551
47553
49738
39859
44899
51568
48528
45513
39101
37920
39469
40033
44256
44092
34695
34246
52020
41988
34726
46411
40520
33516
41213
36528
37226
38138
37837
39005
52553
45332
47093
44635
46501
38094
47978
40750
35965
48844
46963
38074
32552
44265
30624
44797
38395
57611
38936
49979
38876
42463
39835
39700
56447
40774
34935
58493
46723
56644
46178
47174
46482
58885
40086
49367
46989
41126
49081
49624
33357
39461
38654
33934
39122
37411
29524
47058
31318
36384
40065
40588
30273
42781
27235
32010
52700
49026
53764
40961
49778
41860
38113
38175
39334
42902
43707
51462
57183
54104
51785
45033
32677
38700
24084
35828
40978
39864
36554
36279
37955
33640
27668
49613
32934
35730
30373
32444
46871
40727
35922
29092
35393
37160
36253
34960
35355
38105
43094
26868
36999
48840
34665
30117
45653
34967
45567
53977
41540
40180
51688
47135
41488
54150
46774
36494
42450
39658
54429
37295
29526
21456
32767
27876
36066
28739
29015
27974
28691
30396
24370
25572
29171
27089
30896
26419
42094
37695
43516
44326
36947
37964
52407
30730
39537
44149
33328
41742
34351
37235
44033
41260
20546
24953
25862
27509
31966
32970
32350
38626
27621
34132
28106
33107
33808
36153
33216
27076
45368
38253
52113
41026
33244
33712
51319
39335
41891
50861
39204
27514
39267
49517
42930
47766
49255
44259
42938
35830
31771
38131
44514
39922
34522
48939
54074
41253
40285
26793
36416
32094
47662
34246
49307
47268
33844
33068
36483
31055
37245
45536
46989
49263
41549
49212
43128
48410
22135
33083
33972
28804
35374
31988
30420
41549
31939
28531
47848
34966
38306
42470
31866
36072
36266
31474
31962
39441
44152
32065
35960
42553
46323
37790
48965
25133
40938
37556
43583
31009
16035
26570
31735
35899
38176
27178
32328
19838
41650
29199
36863
32712
32065
34169
29205
32577
51446
49382
47061
70535
65507
52397
71021
48889
43286
55058
60144
58686
48053
55539
56599
58941
29592
33761
45604
37977
33269
45835
36037
51509
39133
42788
38574
52159
33286
30993
36892
35856
52474
47766
53518
45336
52953
53506
51795
45622
39172
49770
50209
58569
41991
51766
36896
45331
36227
31233
33146
33601
42297
36645
28501
43858
42777
49365
45086
43519
42540
33755
35730
38953
40844
46183
41846
41114
37342
47293
49870
48525
56043
47295
46782
38680
43128
46841
30975
35841
46863
32520
38077
28572
46276
28600
23201
34934
35351
47269
29866
29163
39004
45088
39396
32394
38498
37411
52793
56688
37020
45349
50888
37290
32006
36749
37600
43275
41938
49312
39591
40036
34566
35004
33968
32084
36907
47588
23494
54132
46737
40652
60277
44325
45629
41440
53189
54783
42838
44830
52020
38629
41388
36709
43370
41359
43322
49131
46550
44352
47962
39831
47646
45727
42386
37973
37359
32193
36709
34116
33328
42416
52425
37250
31874
33324
41234
38974
39070
46327
51434
36626
37273
41177
35659
41221
56265
34037
41485
35504
45459
28289
58049
38271
41926
40502
50511
54842
42228
52567
40286
44504
48112
36259
29008
38468
46576
33617
39830
34777
55732
42028
45247
37493
32833
36911
39806
26558
38723
46764
32947
46979
40855
41149
27171
38239
31613
33361
55268
47204
34591
44519
39744
56463
45196
44429
40598
43874
53105
47894
39348
54339
35864
50453
47917
50443
49103
49971
41334
45492
50438
38716
49774
48912
35671
45908
39847
27009
52231
35006
41123
33028
30566
44965
40815
43084
31006
41450
33395
35055
27860
49747
44877
27284
38004
44652
36145
32666
43692
34274
44633
47289
45909
31366
48136
32407
35259
38927
45626
45621
37915
30872
45267
46570
41502
40086
42051
31799
30891
45383
46634
30310
32634
31834
36221
35161
42117
51765
55676
42574
47086
49131
38487
45277
46890
48761
39688
48419
33351
34565
47496
54311
44622
38866
44572
43561
36089
56868
40959
46470
34513
31605
27920
44281
37734
43225
35446
56626
41502
44868
48274
43887
43170
50961
40281
39198
37456
36274
48619
48544
41455
48082
39176
40008
38643
41342
37194
35372
40553
38178
45341
50396
36787
47572
48838
34202
49061
35464
43961
28959
31828
44986
42556
42135
33833
40849
52635
42131
56724
45999
41705
43667
42889
46142
38082
49278
41705
44448
38528
41445
31972
37460
53144
44660
43710
41188
42766
40225
40119
42359
43382
42632
42634
46394
47891
48075
49684
48737
34674
31698
32481
45333
35881
42373
43811
51612
45107
39370
48681
46851
43073
47352
43665
47348
32798
47135
46574
45834
37963
45232
52191
45016
48252
49858
37552
44829
29657
48790
27598
36286
38807
41214
27209
39425
31691
32051
27846
37013
40916
26398
42878
50024
42427
37363
62027
55940
51050
47054
38932
34687
45068
31896
45945
46680
32902
56246
49503
52556
27318
28941
32511
32781
36736
44413
35419
45749
37513
26351
33059
48075
38011
33348
34486
27262
25761
28511
32904
30455
43018
31293
39431
30995
35638
43166
29362
36910
37668
31654
41342
43914
27302
47849
33967
34030
30048
37668
29865
43112
36744
47710
38506
33139
41658
25028
38725
44535
37140
52441
56604
42093
42081
47042
41305
38678
48503
32617
34376
41608
36867
41438
27797
48479
44367
37180
51367
51919
40306
38897
50771
42821
44315
29513
38443
45203
41904
44189
41016
42834
36495
45500
28785
22237
41334
35389
39350
44015
47361
27189
47281
44667
37993
53078
32363
30035
39769
39691
40644
29771
38872
52087
29346
41804
43613
33364
39310
41018
34789
33810
37382
51940
31668
48269
37573
56169
48794
43252
37182
30597
43590
39213
37514
39071
46636
39168
43660
49881
37745
45540
52326
40943
40963
30817
43583
43483
38524
37284
41317
29405
53309
46652
50315
47921
32899
47479
39156
41642
29082
34313
35797
34598
38387
39780
33803
48768
41395
32961
31612
26585
22710
28487
31942
25122
29160
29888
25125
37357
28553
39791
27594
21182
39416
30547
31580
33550
50495
30865
33239
37426
55985
46713
38710
54867
50038
47290
52316
49354
35629
49148
48374
62585
44282
41648
41356
53276
48780
46159
50689
39520
44079
54374
37588
37435
39238
38412
30494
46231
42261
45837
37293
38784
50249
43232
36290
45214
51490
45544
49845
33548
39457
33236
43149
32233
49265
55126
50743
48419
47236
53897
44169
51019
42785
60526
61856
47637
49644
48867
57495
37300
28987
43301
50596
36476
29839
53243
43733
42501
49874
31941
50808
41565
56169
44680
53251
62878
41072
47497
38331
46996
31665
39290
46374
44251
43391
42066
35237
35122
38734
36546
32191
40246
31257
36567
40337
36151
37024
37436
39954
34156
34456
32679
39134
43497
32293
41356
30934
38072
28009
39350
40988
43799
38310
43077
50618
56681
20044
37013
33844
54966
49154
32204
41861
31945
38364
49886
37931
41607
45418
48226
37198
41636
38748
35303
57925
54769
31785
39884
46185
37236
45381
46411
36367
37196
49750
47810
57805
50441
46782
43658
40561
57360
40600
48827
48850
40439
26256
29087
29449
30030
22825
23205
24119
35097
21068
33470
22300
22902
27048
27240
25126
22548
47255
42130
61054
43970
39738
49491
36161
44304
42907
31767
50848
42209
53017
36174
45328
46095
27759
43558
34949
45030
42006
40153
41209
47186
29895
35869
43446
43533
51562
46129
38427
50211
48284
37821
51778
55673
44856
43027
49778
58786
49982
47508
52129
42394
47418
42392
32802
41519
47564
22828
29456
28708
41609
29536
45359
39192
29216
47187
33140
31626
22621
31838
34532
33384
44939
50416
40345
51046
64317
38970
50135
47705
34384
44349
32480
47127
60655
45238
44237
43390
40035
28229
36138
30695
36987
30591
48275
36500
33650
45090
42630
41029
27249
28086
30020
26963
32872
41830
45556
42400
44728
42256
51231
47664
36987
31709
37358
42083
41183
42501
42245
40537
44504
34122
36348
43661
38503
51541
36249
34068
33219
40581
59265
28995
46890
48462
50537
40349
47742
50646
59317
39041
44957
37864
44211
54332
45188
41812
42685
33553
34243
31453
48052
47504
46804
57766
36043
34216
52163
57899
49050
54295
45516
50736
56359
52064
41731
34439
42625
54975
29685
32839
29125
28319
38845
36081
37692
46427
40679
33595
35843
23014
38787
47277
33128
48142
38456
27827
36017
38483
49308
25356
38337
44971
33005
33582
44370
39455
44625
49098
45502
46819
50235
37360
52285
44273
29688
31136
33414
42800
33732
45765
41155
33792
38576
44392
40993
46733
47856
39163
29335
37825
41728
47713
33760
42473
41870
40337
33347
46519
36033
38182
27306
32041
35766
48140
48458
33560
38848
36220
39149
38985
44353
33114
42752
37053
36621
37297
44148
37956
39897
39154
28722
33639
37984
49828
47601
43379
43515
40735
37297
37139
40893
40733
37645
31203
40300
37074
49955
41913
46063
52040
54702
42766
45282
34029
48291
44227
44746
42330
39526
37412
53866
53602
52628
44106
53708
55093
51348
64205
64306
41080
57004
30363
44003
43972
46920
39900
43439
34787
28035
36821
36904
58877
44905
34578
29479
44570
31279
34190
47131
34690
57047
44836
42117
61916
43032
38727
42327
34077
52298
56613
38802
51779
52513
42542
54976
45694
41211
49457
34506
38342
39574
37995
32428
33414
26801
32162
29968
28823
33002
42306
44782
39544
37561
19414
47696
41120
35828
41602
37700
37394
47142
46518
46839
39197
51037
42914
41270
39488
41320
38615
42581
46866
40485
38055
38470
31931
40144
38923
29965
39035
35336
35825
35740
45225
41354
41929
21580
19274
20774
27450
23574
25869
27134
33291
32341
20953
25333
25503
26614
21142
23471
19214
44098
25004
34754
35451
42326
43009
29056
27740
40473
43062
40023
22938
26550
37039
40168
32307
44139
22986
22962
47166
32455
27579
34214
33955
42946
39506
40584
35405
33023
30499
41877
38233
47801
44157
34325
48087
38718
42724
38832
47884
39671
58318
26047
32279
44693
49850
29626
33909
43199
44570
35694
36786
40046
40468
42520
53231
41836
36805
38064
39699
32799
44353
39830
36698
42795
49875
33316
28183
34277
38738
37858
39206
50263
31885
21745
40998
33326
26907
25485
42726
51823
55938
47033
60536
56018
54720
43630
48158
44429
57451
48708
61944
41758
64921
45128
47815
38276
40495
35527
50819
43970
48715
45015
49605
58679
47244
45613
53127
39142
48942
55655
43888
48899
35894
40926
36617
43122
28669
46710
32787
35188
37999
30940
40666
36321
40212
33787
33503
33721
41534
29299
34896
43241
50865
35785
47964
50990
42194
25818
37480
31706
35746
38934
36138
33344
55990
42649
45537
41446
39225
42985
32749
34111
40541
41853
44625
57928
36039
44702
35145
44448
50045
42902
44923
41502
37390
36546
32859
30393
42315
53632
36045
32148
32149
32582
55749
40310
37966
39256
38615
39542
37959
37752
38672
35049
40120
41149
32804
31931
40449
44963
38965
37838
48779
53066
55975
56478
40004
46976
67396
55077
56942
34283
41177
48117
54238
63265
40773
41314
31269
40107
33471
42169
35954
42698
37175
46877
28332
33045
37039
35889
36726
23063
29610
37364
35516
40344
34634
33228
37293
28784
40488
27559
28844
33090
39522
26377
21678
29672
35146
42879
40744
34106
33797
33242
26948
28549
42042
26428
32325
32969
38159
38337
25043
33955
31945
46352
34130
34303
31297
27911
39019
42121
42737
49426
45518
33283
30178
37640
28970
34261
35574
33164
30659
47017
37806
28238
33488
47383
31305
35982
41433
38724
34355
38517
27587
37788
37465
31865
33539
44803
37654
35690
46764
22139
44382
33706
39976
27005
41070
57423
40691
33681
40696
37065
43910
39237
46487
40894
34855
28281
55673
39305
40892
34406
34009
47975
41351
32064
30137
42730
26299
34470
31523
36538
34884
28241
43360
38102
33011
27094
29042
36513
39287
22400
38505
37167
48144
44488
35780
36548
35317
27185
35023
37491
44573
24211
37107
35661
37243
40388
41663
48348
39566
36208
59123
43794
33150
40058
37682
43600
40125
38847
40672
44663
32166
48337
37465
31910
43145
32989
37287
35712
39882
38788
26282
47583
17066
28267
36881
26184
25312
28415
42461
37431
35361
43081
31439
43458
45802
40049
41660
28501
31612
40391
49765
41081
38493
38768
28481
25936
29295
30763
31288
31274
38163
43657
42522
43691
36996
54610
36952
29396
37162
29995
37960
53111
34694
51290
55549
49202
53458
49508
49090
39270
50211
56803
41518
52373
43260
45268
44423
21816
24874
26432
32731
27155
28383
29958
27406
27203
33455
29648
17711
25871
35725
33613
27148
17856
23156
27186
27973
24555
23052
25141
24028
33311
18199
24031
21967
26155
25530
22669
27531
42146
38513
47185
39533
48525
41996
36785
33141
35508
29317
47222
38918
33125
47992
38351
46892
38442
31621
41179
50802
37774
40320
37026
40845
36520
28078
49787
36433
40030
41702
23846
34535
47682
54827
58386
40883
53284
65270
68034
52436
47129
48257
48133
33765
32780
54881
48589
67544
40265
37107
46658
40702
54317
46779
54470
35209
35201
53342
45199
39144
44753
42686
40984
32208
45691
50210
49569
65083
45440
45169
42699
47407
61193
56389
54483
39348
59254
51217
56578
50252
57149
65465
56003
66973
51334
40355
54449
52567
50424
54123
43497
51664
46943
42056
41776
41605
47244
50581
38655
48876
47315
41464
49525
48924
44114
42750
56625
53269
46905
27728
38969
58490
28533
55763
39172
36132
39567
38960
45715
31381
39905
33515
42791
36460
41694
34866
43310
41252
28364
27045
24266
27399
37487
31412
35301
30572
28991
29264
26165
31015
33009
41590
24494
33797
34725
60309
56371
46968
44772
59705
41896
38098
49266
57932
48371
30787
46412
46992
49430
40107
39898
52036
37886
40786
40993
46871
51311
39940
34180
40376
38944
38017
51006
42268
40710
38156
41120
46604
56614
52756
43692
49254
47318
51159
41633
41343
46572
36120
53830
36075
53354
51699
51225
40402
37610
46766
42402
46448
28472
40021
48747
33578
35462
48104
41914
28227
31702
40952
30040
28525
37977
35541
48845
41396
57639
44991
53336
43508
38943
44320
36030
48102
42592
40593
30566
42580
45433
36790
49263
55472
47702
41274
43725
33278
40343
47174
36929
55284
49414
40019
27376
30718
36224
32543
35474
29136
26548
21702
31021
37005
44283
37725
36597
35360
32147
37919
47985
37308
31488
31131
30932
34281
24857
30061
31046
25472
37433
33896
36928
31582
40469
31936
40397
40284
42397
40377
33940
38741
43273
42848
48190
37768
47145
40007
42854
40648
39902
49478
46112
59757
67074
44305
51120
53349
57345
40786
43394
42306
58702
53716
50874
38867
45433
41539
36028
42238
53880
44725
48624
46755
41869
42216
48541
46672
52949
36477
49090
33292
42476
40381
45484
33194
39760
32414
38139
34253
33198
42120
43733
35061
38811
37318
35398
38583
43822
39059
37840
45135
48271
45040
46691
40344
30716
41842
34115
34201
43991
37384
53398
42274
41217
34688
52782
47431
41684
36862
40838
44461
40441
38373
33530
26960
47216
46114
33864
35306
32316
41746
40980
25457
36370
49072
35709
42986
35298
46925
46396
45665
31672
36580
42689
41156
35575
38012
27109
43714
30947
30643
38141
35454
33693
32949
29994
21678
37815
35470
26210
27956
33649
48514
54094
68218
68430
74466
65345
38473
55286
45936
44808
47399
42011
48391
39526
60412
48394
57975
38803
39961
37426
37294
38551
41691
42020
38151
45851
44877
32026
42809
46455
45052
48396
34889
28585
27958
47136
37014
28333
34706
33602
37319
35378
36451
28965
25911
33322
30321
32115
34556
53217
56624
46729
42274
36260
47937
31055
48333
60127
37328
53894
37675
42179
34044
43100
52498
16976
30560
16391
28604
31437
27690
23590
30791
24336
28655
27402
21590
27908
32357
24631
21396
46816
70435
57629
57071
59198
43005
39877
56574
57725
38940
46327
48500
57972
48381
44830
59918
43135
46329
54257
38111
37801
44769
48592
36913
30289
45492
57676
39345
39819
43488
52970
47892
34466
34725
27820
49072
29205
37395
41198
37635
33940
44696
33945
36268
22235
46162
32546
44184
38482
39333
37195
43957
40193
31301
37647
35855
34217
35981
37854
26431
36863
42191
44714
40780
55956
68919
64295
63708
59922
53797
45996
73418
41043
56636
64049
52479
67600
46449
57756
61825
38317
59307
40515
56409
51513
37327
29365
46690
60188
54693
57324
47361
42077
30593
47499
41340
36336
50847
38230
37298
29925
26541
36100
30616
37052
50420
40826
35329
36106
44604
32709
43976
45989
45443
44466
47502
39913
27003
49266
33214
35396
39140
41221
51730
35460
41843
35848
32280
36366
53431
63135
40822
36346
54667
44397
52336
58645
45762
42914
37040
45395
38933
45604
53506
42336
34768
39599
34278
26281
37392
34520
39351
35312
44569
29437
37015
41979
37211
35138
34892
49724
43500
49196
62711
44900
52317
62614
36069
58433
50959
54967
57116
57516
45676
50792
31763
46839
51332
55905
49327
40521
59960
55872
46944
55332
40204
50841
52930
52401
43142
54941
47575
45913
43346
52859
49099
46764
48927
54542
51351
51297
48536
32652
40987
33015
44617
29001
40305
30032
44660
40470
48619
50700
55409
49076
38367
51536
39355
44951
48420
31238
46483
44635
46675
51750
44689
56655
36283
43806
39688
61887
60845
60430
55383
54180
57866
64936
48875
57264
56942
40794
32037
25477
30523
39021
41848
27708
42928
25887
29461
26363
33586
35252
37111
25769
35452
29740
37277
22191
33956
28667
36626
29506
32749
36239
29525
28058
33654
31053
30260
32184
33327
30872
41366
33542
37717
30644
24629
23551
34136
26394
27372
33900
21888
30862
31952
37560
31511
27879
38590
33961
27111
24397
28588
31434
38572
35554
27288
39473
29047
29110
27599
37409
46868
35363
38200
39242
48920
34228
44047
50740
40571
32031
46856
30007
29694
40558
28772
37866
45344
43868
33583
34661
46909
44449
55777
49036
45518
42541
45177
46303
48720
47146
44765
45680
40684
31751
23694
36323
37009
28570
46921
30883
39984
28618
33451
30846
35890
31192
39478
40338
35605
46946
41929
64222
35664
39217
53010
50370
52148
54942
40120
54676
30049
56532
63937
52349
44067
44281
46988
56037
50946
45755
51204
41667
39555
40908
46599
49067
35544
47484
50530
41073
45532
37961
35291
32427
29554
34707
34785
45375
33700
42112
33672
36520
38798
36771
40645
33754
31360
30394
36094
47599
22813
48206
43095
28399
39306
34646
39530
31397
40324
24994
33360
41995
35398
39335
33397
32111
32994
46589
31629
38376
42683
35437
32189
31806
40863
31208
53870
46894
46117
45357
34430
34976
25725
43565
28866
33396
45688
26379
36347
26581
36173
37814
37304
35093
38080
43953
56244
58333
42732
39285
54458
49675
57124
57301
37437
37292
43013
35923
52687
52915
57001
45958
39664
27850
39457
33975
38669
40572
29582
44199
26018
29530
29644
36096
36270
35072
35606
37637
31432
46263
46782
44545
49112
36828
38716
39747
40515
39100
43224
39796
37622
50485
20420
26986
30671
47865
51684
42136
41185
41515
48450
43429
40925
31928
28599
38195
23011
45337
34092
41839
49931
48283
47700
33077
46299
51231
31500
42254
42363
46552
30533
46998
27803
46808
35199
38259
28935
34110
34276
29831
38566
42460
21335
36922
40806
27545
40306
41618
42287
29062
28788
31443
18994
22716
24274
31544
25792
27093
22489
20494
32679
19878
29241
29210
21195
26846
28687
43526
39239
34700
55975
44790
28737
46671
35086
44276
52546
43939
48745
45252
31480
41700
40826
37117
37308
38198
41554
31404
31973
55578
48549
37364
40514
35773
34055
48101
39515
46830
32472
26134
34659
30960
40573
46320
35536
37226
30420
39605
29753
35724
49913
42790
40224
53547
50712
44269
37211
41975
48595
35383
34071
35807
32155
49680
38915
43600
27351
57800
41406
48328
35790
41361
38739
43348
49821
51090
41883
41145
40923
35448
39987
48938
41822
45218
48340
38290
34924
34229
27868
33251
34498
31443
28964
27459
33604
35357
32057
46455
31845
26391
33595
29731
31016
50839
42291
45700
39260
50174
49930
41128
55488
44618
36780
38506
52637
55135
64177
35553
46988
46378
38929
51212
54967
43267
42172
48552
48349
36725
44086
63122
46700
30109
49552
47907
45923
48641
43195
43583
35448
55101
37480
45435
58852
50784
49189
36145
55669
37744
36603
43739
49762
61378
48185
56249
49124
57434
48900
64307
57909
47530
54558
51664
44711
56909
47239
50573
48338
50686
42088
38775
40523
44359
35894
44122
35391
40979
35778
56216
50321
43292
41864
35036
44295
47457
39607
51097
45770
30624
45524
40573
38456
31958
32448
30198
33779
42534
43227
36276
33474
34495
32763
35972
37571
38064
26517
45511
39766
28755
32597
41717
30696
35448
29895
40108
31657
60960
52007
40260
40428
38051
42774
61211
61665
53657
49885
47636
67431
60658
45382
48795
50104
54203
43681
49906
54186
48330
53436
53743
54717
39159
54978
54709
48527
52594
52615
49776
61529
49657
32728
41813
31336
42184
40204
31579
46821
28585
42678
34197
28784
33300
39350
38321
36573
55335
44573
53277
38769
38169
48863
45227
41312
32800
44494
40543
46861
47030
46080
47789
50633
33791
42138
38646
30994
35091
33590
29669
40894
37489
47771
30287
50121
46101
33412
43385
30865
40386
39159
43903
41038
39686
45559
53269
39856
43711
48999
31485
30290
38120
43775
36338
44286
44915
30265
39492
32769
45194
47463
32628
38775
39703
39048
50119
38840
36779
48409
31680
46440
40805
48397
46118
47432
30563
39987
63532
30037
40426
44965
46187
44739
30233
29541
50220
42630
29675
39624
34483
37397
35061
31503
33171
33988
28128
40140
36913
26887
38999
44001
35204
43617
45719
57208
49976
52880
55757
58262
44374
46845
55312
41696
43906
39602
56088
54226
54374
49457
40346
43280
55194
50182
41059
45329
48037
45701
50896
30617
44888
39755
30982
46329
40955
42787
34368
32252
30189
37390
28160
28704
29983
28304
32227
24243
34340
27730
24433
36480
24633
27788
50347
52670
45638
39880
58878
55579
40940
44296
47851
48843
42392
47989
33482
39819
42224
46819
39945
36728
37267
30623
35506
35428
54345
46223
33494
48343
47132
40411
44627
39276
50109
50347
48697
41215
40079
41683
37363
27273
46372
32250
40481
31376
30983
30066
32595
41226
28688
30517
32968
33767
41203
42172
36164
34908
39254
31962
39289
36462
35046
37162
43138
32043
44092
41529
38295
37029
42703
50323
45131
46156
38677
55614
40510
45991
41307
48763
41301
47674
52816
43175
23625
44000
47329
44221
35735
43378
40220
46936
53021
48838
43861
38279
37459
38526
41364
39847
39793
46320
33671
29374
34225
45713
47160
41054
45277
35145
36863
39908
32647
37717
46964
33132
36997
46061
35702
49503
43607
37565
42275
45251
33529
40429
42517
39415
37815
34693
21862
39420
39218
24953
28561
25322
24145
29782
30031
22569
27187
19855
17088
26794
21755
28297
21338
34633
39910
34397
53261
50268
48447
43671
52453
36344
47660
49630
49407
44881
37644
52491
39550
33720
41150
44868
50378
51797
35176
42735
48385
41468
58493
33966
53243
44525
39424
48844
31548
41238
48514
53774
27441
43812
46023
41074
39263
39711
48738
47203
35593
36909
41588
34839
48183
32024
27011
46531
47934
32643
41224
36781
45874
34540
38153
37965
47764
29764
34688
38769
39287
50585
42840
30377
47129
25038
30354
34772
36548
31267
32223
38725
33875
44701
29452
30957
29917
37397
47395
37658
34296
45250
44342
30107
50870
43999
37154
56680
50373
46880
45236
35771
45887
45925
39011
37204
35443
43214
43852
43368
53969
40944
33384
32468
38941
33306
51282
44437
55062
36808
38565
34805
37272
36368
34211
35166
44747
32474
41385
41949
39125
39603
24710
31234
27592
32344
49698
47852
42257
48492
37763
48061
42868
45287
48323
48085
47886
40216
43335
30932
55468
54406
40419
47352
44794
41705
47275
43793
36870
58240
56870
46538
54113
51503
33879
32719
42678
47139
30856
31709
27660
34138
28962
34970
37786
37840
28999
27684
34121
35121
31659
22679
28866
26657
27406
25458
21427
34305
36376
24387
36960
15461
29551
24845
37069
25018
29064
27418
24814
29812
37564
41955
33299
28213
44311
36310
30145
46756
46055
22607
31146
41930
29185
43269
42619
33940
33325
34200
34360
42524
32303
35394
39321
36081
29911
43038
30293
40295
45419
38466
40477
38081
28701
24612
19678
27022
32865
32153
25506
32354
27073
23239
35855
27637
24417
24702
30513
29140
39864
43881
50159
38768
32697
32458
56994
40766
45856
32342
44614
49907
38822
37645
42422
46451
45104
32282
37006
31603
44458
37840
38719
39566
32200
40547
41112
34680
47069
41579
38805
34087
34746
39063
28119
28716
31923
26204
41559
35442
23490
37532
35945
40729
40162
28279
19186
34384
34744
54822
43323
52442
52099
45943
56736
45300
45064
54696
53162
57895
40149
62481
50993
49971
39350
43638
39452
39533
25756
52439
41244
36319
43134
44342
27070
37327
42802
44155
46562
48971
40056
51955
48155
44659
50085
34590
38903
44407
41558
53285
38917
39796
47152
42638
32806
38619
36300
46536
49952
52356
43652
37807
46799
45652
34918
51195
35469
51152
36881
34515
43500
35687
29270
34358
30978
42009
35413
37273
31384
25351
31853
25465
46224
36798
33344
35597
35371
38162
49049
39519
32447
55728
46054
43407
48139
36134
47164
43278
44171
39143
29784
36308
44958
57882
50546
38466
46315
36220
49176
43512
34512
41448
47351
36970
40410
46159
49466
43477
43237
34316
43539
44210
28725
42097
40094
29794
31800
48937
36479
29392
40630
45791
54481
44653
34398
41413
39188
35812
33579
45905
38978
28890
38209
30869
34365
31873
32523
50351
38103
30401
29516
38309
35150
27408
47404
42445
37450
32401
23976
48607
38031
43197
41908
29782
36495
37044
39926
37003
36203
38304
38426
46149
50585
48518
57598
32464
44372
36271
50552
46241
47101
35445
35307
54381
28909
31677
27021
42172
25287
17589
20042
31321
18050
25050
25085
34673
20486
33107
29222
43444
41711
48911
57682
55401
41677
40232
35232
50017
56750
42196
37254
37300
52741
48695
64939
42850
55069
58704
62562
52235
44549
41626
54663
53329
52649
50263
38865
39937
43338
41819
35701
53614
41863
52729
47918
56790
52391
52221
42884
48463
42851
60435
30586
56770
49527
52776
52967
54092
43684
43216
36213
49919
50639
57128
43854
30149
37549
36148
56631
51338
25369
45837
33003
32847
40300
43040
30057
34959
37840
36436
41609
36802
40363
28610
32814
37182
47644
37545
53186
32260
27362
24783
23749
23002
24155
27251
27531
22670
34748
25624
29102
22012
31955
20453
33609
26610
36780
40017
43807
31761
47533
45147
43932
34969
36162
41078
45058
40380
31792
27813
46650
54845
40704
37220
38536
48637
51622
53645
37314
58359
54444
39294
40459
41075
40315
51055
34765
38655
39913
32763
42112
31337
42630
43133
40100
44729
42699
56689
36865
51898
37424
33473
42921
45311
36866
34090
41161
28031
39916
38140
31213
27921
44529
43961
45424
42032
45116
37172
36613
41652
32570
43259
30186
41819
44127
37509
33643
26320
43813
39820
40397
42378
29855
40116
37490
38223
26583
32858
47515
30119
39475
40012
28934
41317
38630
41667
42232
33270
42431
42404
46238
42007
56125
35925
52430
45774
50231
42911
31540
38851
46635
45745
55132
52200
62420
56617
49902
39784
47737
48918
35177
40942
44277
47602
42014
36202
36646
34560
41045
48849
39125
30359
34598
44100
47681
40106
39805
29040
34765
49531
28737
31294
39540
38327
35626
34254
38328
33967
43550
26710
30164
25824
37719
30554
28673
43878
29146
38504
24618
33618
20803
25622
22961
28093
33959
44978
35499
31534
30547
24539
37868
29965
39809
23459
24274
19108
33037
42270
29300
37424
31142
30544
57500
45088
48342
34215
37535
41827
32476
30741
48435
49168
34709
29734
44504
50768
42025
37691
37918
32995
45589
40244
45628
31495
35997
46263
34465
42832
50604
42462
52688
54190
54436
32056
47864
40923
47323
53259
57591
49317
39641
35128
48537
67390
36110
54768
49889
43802
33578
43090
48986
49869
33396
43652
48931
47284
47049
39312
49596
45805
52022
38092
47835
51258
44541
48683
47034
40297
42441
40389
59977
43299
40417
53476
35392
29891
26847
44184
43255
31249
34801
47862
36354
41349
39567
41149
49748
54039
53479
51355
38902
40119
49945
42102
38596
43091
44148
49049
47143
37576
31320
47575
36305
38786
50128
49649
35113
47065
54645
38331
40114
38259
48418
50092
49507
35072
57117
41362
40862
36141
39511
46195
47788
45758
32475
47371
41013
38319
51595
37717
38072
40856
34254
34952
36718
39895
57147
29779
30948
36858
50700
44046
24772
32602
40462
41928
51300
32265
44967
46373
53940
40987
51954
49682
36512
42013
55348
28727
42278
40111
43200
49183
41160
35430
46054
54057
52208
48914
42831
52872
53334
44960
63031
46657
44426
42522
49305
39400
30673
24953
21454
25425
36927
20741
22456
15897
24134
22210
24815
31075
31171
25060
32890
30642
41179
33446
46214
45549
33216
37077
27946
50226
47778
43216
46223
48152
36199
51922
38983
30855
37898
30822
26386
41476
36822
40282
48995
34353
40295
36495
29666
43561
36593
37136
36483
47608
44460
44185
26341
42620
45061
43780
40716
30091
43151
38944
36918
38115
36361
35231
33278
38516
43701
39620
45437
48578
41952
49606
32887
37258
47435
50625
32286
30235
39823
43063
31773
39049
50726
46409
53053
36611
42538
45394
38162
30963
36791
46235
34817
53986
54525
43297
52291
57437
32502
37487
34156
39483
43881
32920
35666
32051
42116
31025
31211
38919
38825
36228
48418
41111
26666
45416
33491
33750
36368
34370
37070
40133
50813
44748
36583
33818
50706
45097
40943
33464
29205
22837
28310
20473
36947
21555
36327
25975
27984
32304
34042
27858
22871
32168
31518
22190
33108
46962
53583
48197
46096
46670
35239
39549
29633
45100
31496
36933
29114
27986
45947
34758
37668
29712
41950
38675
43230
33021
43933
38768
29862
34592
34449
38953
36751
31713
35034
36710
35122
41676
43894
59585
67489
51509
47312
50378
46674
50539
56260
70748
51324
57532
44847
44925
23138
32052
36284
39559
35739
37052
30467
33627
29531
37557
33944
38623
48455
36454
38818
31986
31974
34400
29375
41201
35510
28913
34666
33648
41706
34193
30425
39003
35371
35752
43885
27710
41128
36889
49950
54425
63368
36698
50587
53514
47473
50177
45711
40785
32831
35622
49358
24904
39729
36773
46781
49514
40995
42659
42605
55059
46546
30765
50449
43436
45814
59193
50350
45710
34856
34488
33112
34116
46516
37766
38955
46512
25754
46138
35520
29620
41073
45378
34835
50372
33343
29872
27865
31221
35266
39749
35490
33882
26978
41141
36139
36501
28596
37629
33087
30638
34320
38177
45420
40876
37682
39456
28091
39722
35954
28399
26647
40388
37840
29740
41062
32365
54849
40595
52177
57566
49998
49141
40702
45864
60155
47112
42539
47464
44945
56277
43672
46694
31666
35605
37236
36446
42955
29060
33379
43060
42296
44526
39107
42338
39977
31938
39539
39045
37378
41571
32334
42624
28732
39708
31463
25865
30520
43228
43290
44227
38482
37674
41563
39861
35204
43279
37046
26217
43966
31677
44777
34722
40774
37977
48443
47630
36687
39759
42471
44238
43768
49283
48703
55526
44997
36947
44142
49471
60658
54874
51509
42004
52831
52922
48001
45583
29763
51974
39415
37096
37561
40189
38033
38031
28859
42270
34258
38238
39290
44032
43289
38905
26980
38289
39264
33477
42380
39635
34849
34361
27016
37648
41622
33114
43132
37239
60397
36928
28265
36258
38681
29835
37644
35356
30487
36796
28194
37812
37532
42648
22395
39358
18985
35585
35697
37380
56381
43860
28976
37890
53210
40954
38009
44781
41340
39163
44069
36094
43813
37894
34233
29065
33720
28994
39798
28945
25609
32994
34039
33347
37385
37374
37562
27614
41536
49441
44070
40576
43501
46839
57759
55748
39691
58714
55545
52293
45669
48859
59178
49266
50624
47813
31549
27900
33126
39705
41499
29822
25726
32255
38967
33023
39608
21600
43325
27738
36338
38656
47718
39959
48916
41282
30636
33535
43340
36472
42379
32438
43237
40953
37686
43891
24943
29381
29376
45427
37037
35169
52214
34379
39814
44401
56511
54761
35158
55502
46854
40810
49150
31775
50175
40805
40233
48118
50183
38049
45697
50394
47352
47149
27260
47100
36408
47464
43049
42035
40099
40467
38332
49067
41215
45578
38989
42435
30067
28410
44964
30473
42194
32608
37617
47201
28268
44853
42569
44426
43518
36826
35872
44230
31923
33914
24257
48098
39445
39745
45217
49095
27150
40582
33067
31001
31152
36626
45593
35935
32180
25055
37379
33941
35780
31490
29730
40261
35248
27105
33801
38629
26502
27462
30806
36236
29501
28508
17337
31610
25122
47249
38094
35730
43577
39841
30496
30173
43769
35711
36385
37284
43405
32907
39087
39908
36954
28580
31649
43402
34575
41997
44846
39687
50009
33322
41241
26454
35239
29539
39019
48047
37550
45994
42755
35797
45893
39718
50944
51365
40326
54848
56585
42104
37353
54000
41983
34804
43583
37238
42456
51307
34723
41771
37700
43986
44441
47172
42664
36952
31986
45264
39536
24104
43957
43264
28255
46426
55653
57382
60951
52216
49473
47388
53642
60524
44526
46466
38321
53774
35201
49494
46612
41435
47706
52751
48320
56522
40080
41294
45853
28092
35826
45285
42083
36126
50546
36888
44095
42962
45079
47846
40480
45025
27987
31432
31686
53083
36372
25543
40271
43608
28826
39475
34228
35613
48354
52961
48792
33213
47425
36117
48567
64520
63813
50767
46041
53270
45658
60763
58662
39418
29613
27847
29535
45871
36870
32137
39459
30785
40134
28884
32049
29163
39368
33423
34555
43248
38007
48379
31816
45458
38210
34684
41296
38152
44465
27913
29767
41221
43037
45964
41237
28921
42470
45767
45376
39915
49428
51805
41733
48520
53808
25829
36452
46635
45482
46057
41029
50304
48919
39114
35071
34932
41899
39534
27885
28988
38544
40737
40988
34253
42862
41771
45608
43416
37771
32680
35539
29154
47245
48093
36762
41829
38181
47954
44608
44864
39897
34715
47218
38809
27353
37981
33417
26714
20242
22712
28884
20759
30191
27099
30812
26480
27116
24657
30680
36066
34015
43048
42503
48850
41395
38669
39609
29320
23651
42506
32736
29307
40712
37467
37486
33116
27776
25691
30778
30880
25239
32517
36136
26098
31589
31340
20782
29230
31924
27417
32439
20266
42042
38182
47711
45796
40214
47173
43130
43995
42308
48423
42541
53460
42639
46254
38429
56360
30547
33216
51611
29864
35378
46841
45014
45625
45116
33293
37229
46773
37468
35897
43159
39331
39242
38192
30533
37043
30507
32093
44030
38884
39274
42931
25530
41401
32553
32541
48705
44494
39084
41267
47938
50430
33098
41322
37736
43117
33888
40844
42757
48499
42081
48058
40876
38093
41917
52248
37450
34669
51831
50069
40223
54959
57604
59223
31024
36495
40479
50776
49720
47182
38055
34832
35032
30908
32186
26957
38841
35976
41815
41476
37178
41568
37411
31433
28800
37705
47014
62205
44357
51130
58577
52710
34247
46512
59235
53399
55980
36109
55170
41224
39465
44376
45469
34048
34074
47624
36040
33640
41555
24702
37328
36843
37882
39697
40036
36679
42467
42658
38263
37834
28704
32058
31300
33821
37929
31665
29100
27354
31734
30426
31361
30188
35292
39111
34086
37704
42941
31915
28248
39234
42034
31947
35943
34116
37993
37516
39822
39363
42487
39853
30066
41807
30669
31647
31250
35550
42343
29785
30483
31432
28848
36199
42003
35794
39899
28341
50976
51001
60254
46090
43596
39254
39691
46620
52882
65937
46705
45602
61736
44629
50676
43636
65873
54238
55473
29835
57710
54940
33874
30166
54859
61155
29244
47908
54829
56047
62645
59408
60605
56398
51712
70266
61218
54803
64441
54930
33975
54636
68233
58943
57418
41409
56086
48563
33341
37101
41515
40479
33019
25897
25322
31289
36832
34666
33922
29150
37614
36751
36858
44390
46220
49677
26517
51843
32760
40366
49143
45294
41619
30969
35532
40583
43147
50203
44283
45933
37017
42045
30826
43168
45703
46566
38577
29684
37894
46985
40811
28044
37262
50079
32225
41782
47663
41983
51354
37164
43867
47705
56624
43982
49647
53492
38859
41198
45570
40334
40468
47769
51716
48676
56153
51827
51810
49026
53811
48414
57983
47531
53939
52633
49568
44357
47064
36477
46137
50407
56170
52258
46635
53386
45853
39864
53121
48454
34935
46052
37400
44803
31707
56233
32495
51245
36790
57185
31219
44148
55754
48505
61090
52812
59881
43474
38055
32181
57191
50558
32134
36144
31859
37313
37774
28245
27527
21539
32988
39733
29150
35010
37210
24882
28476
21523
31472
41227
42523
30524
41144
41191
36486
38918
42767
32993
38979
46393
38193
50620
45858
41337
41370
40794
46323
39834
34295
45979
46460
43863
42632
42123
37547
32520
37667
50060
49145
36034
38830
37729
24524
37667
45782
34619
35391
31312
45895
34611
39220
40899
36471
26043
46205
43099
38995
33848
34743
38814
39424
41849
34717
47137
37494
42143
39573
39088
38678
34742
43408
41799
39129
39201
29634
45104
42858
49691
39006
47706
34257
33734
35184
38089
41052
42640
34481
36484
48776
65894
48078
58455
54728
56587
52172
55734
49552
42701
44212
56621
68283
46263
53414
62424
40920
37204
39480
57023
34026
41091
36526
36122
44946
39183
54330
46436
43882
63142
33910
27012
44919
56735
52256
43550
43420
45980
40727
43364
40844
40919
58728
45373
40839
42857
46234
44382
46917
38913
45651
42978
40237
42125
38210
49877
44902
44188
46423
58904
48413
41820
33413
45803
27780
25939
29022
21633
37106
23959
31484
29510
26217
22837
32479
27042
33604
16136
27528
36047
33526
39847
36433
42697
46816
49006
50644
34332
43938
43173
40135
27170
40858
31550
42568
43407
55441
53890
41887
46931
43356
33477
54771
39642
46064
34872
47646
48993
55043
38667
36018
37177
27605
33953
33099
27143
21160
34088
19703
33985
26892
34693
30216
30614
20637
24695
28220
32757
47309
19470
48580
43898
54069
30723
33800
64129
40017
52950
46618
48547
48360
40563
39823
38512
34803
28400
38959
27866
40169
34908
35907
49979
43001
32049
36392
41766
35633
40833
46318
48378
50023
48155
57491
50162
46675
53168
41131
48812
47514
53106
43774
49327
50349
31402
43061
55922
58662
47505
55666
53024
37141
52554
51433
43326
46877
45311
47816
35936
51568
39154
41711
42997
31771
40156
45146
51100
36921
38258
46279
51387
36367
37993
38217
48463
39034
40170
30176
46506
34286
42151
47579
41324
39282
48367
39579
32573
41282
36698
49690
37741
44863
47366
39348
39670
30136
34314
30602
39017
28009
37176
35886
32785
34536
27758
41263
40039
33250
35614
33364
31555
36218
40032
35398
42019
41703
33580
27951
39877
42661
37638
33298
39863
25623
40875
43774
54273
39800
49667
38717
51303
39416
42187
33546
41753
35973
51128
49958
40812
42752
40976
54524
42454
27614
46758
39922
41846
50212
47480
42081
41485
44906
44972
52483
47539
36960
50299
59419
56084
46776
39570
41390
27818
25478
46605
46637
40616
36329
38935
22440
40887
30974
41570
28591
43567
48826
46894
48828
43113
61199
56487
49063
34013
37407
41692
42635
66826
50028
55532
51031
39632
37355
49481
40907
48397
43537
35102
43097
49328
57016
52407
43925
34556
47504
38096
53697
38596
31325
49311
46541
33367
47045
38738
40107
34082
38271
43652
31369
40681
31536
34705
32684
29237
30335
33748
26542
28012
29397
24535
27185
33905
27151
25896
25833
25772
27915
33487
27024
35296
36236
37372
35920
41725
44271
39767
27154
49738
40463
52125
54383
35494
41049
46322
37789
40398
43400
29727
30953
37975
51519
43951
35932
35157
49208
42908
43492
47652
58554
36915
42155
49806
32847
32605
38019
52902
43273
43418
43367
35744
41462
47113
43558
32459
38735
49784
47196
41143
51015
40670
44728
43653
36263
45611
47481
36753
47518
16330
28107
38933
48163
48044
31086
39293
26791
26285
25909
24220
34145
25162
25887
29025
30802
27933
37457
31559
28212
30629
21038
35586
29927
40189
40815
36157
51177
36587
36867
39730
35993
37484
45552
38088
36109
36505
41658
32192
36348
42066
30554
44653
42495
39107
43637
45140
47229
38894
39779
28430
43313
37931
37059
43076
26903
35092
39517
20908
24887
31055
36414
28945
36734
39005
35744
28874
42122
29529
33164
40571
42421
43982
42442
47390
39050
23792
45593
43075
44727
57880
51835
39691
47129
45161
47838
32901
27192
33706
51168
26932
32259
32019
50684
46821
43474
38133
34135
37251
30442
34895
27334
29946
50147
49081
39547
49006
48814
33340
48722
53111
44437
50436
46434
47411
45833
44246
53235
42383
44749
42030
43008
41544
49574
41065
36321
46681
54478
42004
29908
35829
43389
33173
35591
45940
39960
29134
42171
40419
36626
41160
42139
37592
47052
38177
38695
40003
37222
43313
35267
40204
34427
30041
44169
50158
32518
33798
40773
40447
39727
54228
43200
28220
33174
38310
32052
49983
38625
43783
40049
44380
41178
49258
39069
34221
32098
34831
23462
35469
37483
33317
43436
34008
41196
49925
38479
54588
63472
58532
50284
49446
57744
49986
54270
40570
65271
45535
68701
56080
40549
38245
31243
24764
32436
27160
30761
39112
31722
50308
49023
44341
38891
42332
30913
32135
34348
39597
42044
52198
45712
47697
38792
45890
51551
28542
47507
41102
48493
54111
43548
42433
36642
44994
58966
34163
45061
32728
49709
39194
43573
33708
37008
41515
38019
34223
34904
33529
40356
45058
43909
40973
62192
48743
28936
47338
39086
47665
53015
39714
47226
50683
36907
46619
32959
23631
33531
25654
44145
19207
28723
28788
38446
29105
32061
36411
34212
34278
28315
29431
60553
64597
46792
46505
59992
44214
53479
54816
61235
47055
54099
43199
48726
39724
51163
60227
46467
42730
38310
41684
39897
39805
42496
42224
39567
42791
50907
34968
32811
37740
49446
38775
17958
37116
29106
36291
27496
25325
33378
20703
24570
34973
39242
34855
32874
34851
31519
33437
34655
33520
34877
34587
42838
34795
37107
36753
39226
33853
34656
36453
33880
31103
40949
38975
41615
46225
46717
57175
37091
43462
28004
44768
36454
48757
54846
55413
51760
40201
47943
48171
45168
43978
26205
48084
39525
37654
20011
46878
39895
25153
29508
37618
28344
40359
34738
26334
46006
41452
58374
38672
46967
44193
38221
53132
49496
35869
50104
51274
49019
52832
44770
57892
32268
32088
32966
37277
43863
29227
16338
31560
37884
27825
37824
26405
27180
32924
15735
29191
28333
42332
40791
39851
33580
36666
24476
26567
38276
37572
32944
36904
39607
36108
27436
40129
36182
38700
51152
47779
46496
53702
42478
42234
54483
40640
33933
36878
48667
32839
47760
59356
51822
39609
48730
34465
48059
41320
32647
45129
49512
38335
48603
32306
47999
50865
60005
42688
53068
39270
32164
39154
41113
47089
50964
38966
50922
42116
45893
50730
43721
41681
43843
53126
36861
30453
36980
31687
30426
37045
33898
22469
41582
38871
37753
27314
34609
28547
41785
39927
39192
38010
45940
25364
37795
36179
34753
37777
41211
33713
35575
45382
38687
22640
36990
36980
52717
43296
28387
47016
56761
37898
36771
33418
40182
45289
47553
51768
32789
58395
34827
36896
49001
57723
45047
44064
45465
33805
40626
44791
59227
42814
43130
36165
42873
52403
55349
47232
47790
35972
29289
30042
39039
43213
46172
40623
28419
29632
37219
24160
43635
35136
34847
41422
38852
50010
44191
31794
33619
34333
45344
30467
44465
33639
31356
26610
42268
28988
38857
24792
37383
38931
46431
35380
38758
50547
45018
38292
41914
54577
41157
48624
42633
48752
46040
48300
59868
40006
39645
39782
49833
32574
31720
52283
39790
41761
48771
49634
41551
37286
45720
34932
46718
48069
51247
46432
37032
47323
46743
49235
64459
40727
35634
49127
53143
37948
47395
62770
29657
38464
27356
35185
37955
25811
41818
41385
44451
33103
38628
40242
38565
36030
45494
40052
57377
35084
52414
43231
42855
50346
49254
33676
43523
59796
40001
41819
43689
36422
35665
46629
50754
43687
44835
36992
44658
57055
42771
53751
39917
37175
39634
38782
54698
48329
53850
43451
66795
36251
43603
40445
48674
56087
47887
42392
46862
47984
44493
53907
51905
50608
48497
52962
52047
52408
56941
51217
45016
38833
44424
58155
52211
48894
41533
61086
55894
60970
59301
66126
55783
55127
44924
43762
49716
47966
37462
34064
40002
41971
44862
50218
39144
40292
44051
41482
37556
29139
29425
30661
32103
37996
32870
38990
36753
37323
37586
33382
48991
28237
35226
29558
30046
36779
39630
31018
39839
35019
43426
38351
36705
48734
38034
32190
41860
44782
42271
39590
37519
40626
58243
38961
46739
23642
52927
37591
42456
48297
49945
42152
33822
38431
37852
42056
